0 1913
0 6003
0 6004
3 4
3 5
4 5
6 7
6 8
6 9
6 10
6 5917
6 5918
6 5919
6 5920
6 5921
6 5922
6 5923
6 5924
7 8
7 9
7 10
8 9
8 10
9 10
12 17
14 12
14 17
14 2744
14 9181
20 3383
20 3384
21 6546
26 8140
26 10420
37 6838
37 6839
45 46
58 1971
58 6841
58 9336
59 60
63 9517
71 1146
79 80
98 2748
110 1661
114 297
114 707
114 2593
114 2596
114 5294
114 5295
114 5566
114 5567
114 5568
120 121
152 151
155 156
155 157
155 158
156 157
156 158
157 158
164 9224
165 5627
170 387
172 170
172 387
172 3838
173 170
173 172
173 387
173 489
173 3838
173 6533
192 2373
192 2374
192 3752
192 4419
214 215
214 216
214 217
215 216
215 217
216 217
220 9934
220 9935
223 224
223 225
224 225
241 1356
241 1495
241 6183
270 271
270 272
270 273
271 272
271 273
272 273
276 277
276 278
276 279
276 280
277 278
277 279
277 280
278 279
278 280
279 280
281 282
288 289
288 290
289 290
297 2593
297 5295
307 1030
307 3528
307 5703
307 9766
307 9767
307 9768
325 326
325 327
325 328
326 327
326 328
327 328
379 1451
379 2730
379 3070
379 4800
383 3047
398 1692
398 2153
398 2154
398 4821
422 423
422 424
422 425
423 424
423 425
424 425
431 434
431 1875
431 1876
433 3350
433 4813
433 12081
433 12082
434 1875
434 1876
439 12
439 14
439 17
439 440
439 441
439 442
440 12
440 14
440 17
440 441
440 442
441 12
441 14
441 17
441 442
442 12
442 14
442 17
449 4611
457 2744
457 7807
457 7808
464 465
464 466
464 467
464 468
464 469
465 466
465 467
465 468
465 469
466 467
466 468
466 469
467 468
467 469
468 469
477 478
477 479
477 480
477 481
477 482
478 479
478 480
478 481
478 482
479 480
479 481
479 482
480 481
480 482
481 482
489 6533
494 495
494 496
494 497
494 498
495 496
495 497
495 498
496 497
496 498
497 498
501 502
501 503
501 504
501 2360
502 503
502 504
502 2359
502 2360
502 2732
502 2733
503 504
506 12572
514 3370
555 1433
555 7884
555 8844
555 8845
563 7004
563 9238
569 570
569 571
570 571
577 578
577 579
577 580
578 579
578 580
579 580
589 220
589 9934
589 9935
598 599
598 600
598 601
598 602
598 603
598 604
598 605
599 600
599 601
599 602
599 603
599 604
599 605
600 601
600 602
600 603
600 604
600 605
601 602
601 603
601 604
601 605
601 7547
601 7548
601 7549
601 7550
601 7551
601 7552
602 603
602 604
602 605
603 604
603 605
604 605
607 693
607 3119
607 3120
607 3998
607 4847
610 611
610 612
611 612
614 642
614 7242
614 7243
615 4288
617 618
617 619
617 620
617 621
618 619
618 620
618 621
619 620
619 621
620 621
622 623
622 624
622 625
622 626
622 627
622 628
622 629
623 624
623 625
623 626
623 627
623 628
623 629
624 625
624 626
624 627
624 628
624 629
625 626
625 627
625 628
625 629
626 627
626 628
626 629
627 628
627 629
628 629
632 633
632 634
633 634
640 641
640 642
640 643
640 644
640 645
641 642
641 643
641 644
641 645
642 615
642 643
642 644
642 645
642 5079
642 7242
642 7243
642 12552
643 644
643 645
644 645
646 647
652 8597
666 667
666 668
667 668
682 683
707 2596
712 715
712 717
712 719
712 9813
712 9814
712 9815
712 9816
715 717
715 719
715 9814
715 9815
715 9816
719 717
731 3586
731 9599
731 9600
731 9601
734 5015
734 5016
738 742
738 7366
738 7367
742 7367
767 768
767 769
767 9324
768 769
768 5867
797 798
797 799
797 800
797 801
797 802
798 799
798 800
798 801
798 802
799 800
799 801
799 802
800 801
800 802
801 802
820 9591
820 9592
828 992
828 4478
828 4479
829 832
829 6268
829 6269
829 6270
833 8565
852 2264
852 4308
852 4309
861 862
861 863
862 863
872 873
872 874
873 874
882 883
882 884
882 885
882 886
882 887
882 888
882 889
883 884
883 885
883 886
883 887
883 888
883 889
884 885
884 886
884 887
884 888
884 889
885 886
885 887
885 888
885 889
886 887
886 888
886 889
887 888
887 889
887 12144
887 12145
888 889
890 891
907 911
907 1592
907 3145
912 2
937 938
937 939
938 939
960 114
960 5566
960 5567
960 5568
967 8502
967 10828
967 10829
973 8234
973 11669
973 11670
973 11671
997 998
999 433
999 1000
1000 433
1015 1016
1015 1017
1016 1017
1031 1032
1033 1034
1033 1035
1033 1036
1034 1035
1034 1036
1035 1036
1040 1041
1040 1042
1040 1043
1040 1044
1041 1042
1041 1043
1041 1044
1042 1043
1042 1044
1043 1044
1048 1049
1048 1050
1048 1051
1049 1050
1049 1051
1050 1051
1078 6238
1078 6239
1082 1078
1082 6237
1082 6238
1082 6239
1097 1098
1097 1099
1097 1100
1097 1101
1098 1099
1098 1100
1098 1101
1099 1100
1099 1101
1100 1101
1103 58
1103 6841
1111 2608
1111 8613
1113 1114
1113 2221
1114 2221
1122 1123
1122 1124
1123 1124
1134 1135
1134 1136
1134 1137
1134 1138
1135 1136
1135 1137
1135 1138
1136 1137
1136 1138
1137 1138
1141 1142
1141 1143
1142 1143
1144 71
1144 1145
1144 1146
1145 71
1145 1146
1157 1158
1164 1165
1164 1166
1164 1167
1164 1168
1165 1166
1165 1167
1165 1168
1166 1167
1166 1168
1167 1168
1168 6043
1169 1170
1169 1171
1169 1172
1169 1173
1169 1174
1170 1171
1170 1172
1170 1173
1170 1174
1171 1172
1171 1173
1171 1174
1172 1173
1172 1174
1173 1174
1176 6588
1179 357
1179 7359
1194 1195
1194 1196
1195 1196
1208 874
1212 1213
1212 1214
1212 1215
1213 1214
1213 1215
1214 1215
1215 110
1215 1661
1215 12426
1215 12427
1223 1224
1223 1225
1224 1225
1224 8633
1224 11314
1224 11315
1254 4605
1254 4606
1262 1263
1262 1264
1263 1264
1265 1266
1294 1954
1303 1304
1303 1305
1304 1305
1306 12079
1311 8148
1311 12493
1311 12494
1315 1069
1315 1316
1316 1069
1357 1358
1357 1359
1358 1359
1368 3843
1368 12112
1369 2031
1386 1387
1386 1388
1387 1388
1408 198
1408 1409
1408 9696
1409 198
1424 1427
1424 5094
1425 1424
1425 1426
1425 1427
1425 5093
1425 5094
1426 1424
1426 1427
1426 5093
1426 5094
1427 5094
1446 1781
1449 1452
1449 2184
1449 2731
1449 7752
1452 380
1462 1463
1462 1464
1462 1465
1463 1464
1463 1465
1464 1465
1470 4078
1492 1493
1494 241
1494 1495
1495 8634
1495 8635
1495 8636
1516 2576
1516 2577
1516 2578
1516 2579
1517 1518
1517 1519
1517 1520
1518 1519
1518 1520
1519 1520
1520 7451
1520 7452
1520 7453
1530 1531
1530 1532
1531 1532
1548 1549
1548 10564
1548 10565
1549 10564
1549 10565
1568 1569
1584 1585
1584 1586
1585 1586
1592 911
1592 3145
1597 10243
1603 1604
1603 1605
1604 1605
1620 1621
1620 1622
1620 1623
1620 1624
1620 1625
1621 1622
1621 1623
1621 1624
1621 1625
1622 1623
1622 1624
1622 1625
1623 1624
1623 1625
1624 1625
1644 1645
1644 7505
1646 1647
1646 1648
1647 1648
1649 1650
1649 1651
1649 1652
1649 1653
1649 1654
1650 1651
1650 1652
1650 1653
1650 1654
1651 1652
1651 1653
1651 1654
1652 1653
1652 1654
1653 1654
1658 1659
1658 1661
1658 2949
1658 2950
1659 1661
1659 2949
1659 2950
1673 1674
1673 1675
1673 1676
1673 1677
1673 1678
1674 1675
1674 1676
1674 1677
1674 1678
1675 1676
1675 1677
1675 1678
1676 1677
1676 1678
1677 1678
1682 1683
1688 1689
1688 1690
1688 1691
1688 1692
1688 9180
1689 1690
1689 1691
1689 1692
1689 9180
1690 1691
1690 1692
1691 1692
1693 1694
1699 1956
1699 9539
1716 767
1716 768
1716 769
1716 5865
1716 5866
1716 5867
1716 9323
1716 9324
1720 1721
1720 1722
1721 1722
1721 8366
1734 3669
1734 6858
1737 1738
1737 1739
1738 1739
1751 4501
1751 8271
1754 12627
1756 353
1756 1757
1757 353
1779 1446
1779 1780
1779 1781
1780 1446
1780 1781
1784 1785
1784 1786
1784 1787
1785 1786
1785 1787
1786 1787
1792 1793
1792 1794
1792 1795
1793 1794
1793 1795
1794 1795
1807 1808
1809 1810
1818 8734
1819 10334
1844 1845
1844 1846
1844 1847
1844 1848
1845 1846
1845 1847
1845 1848
1846 1847
1846 1848
1847 1848
1849 1850
1849 1851
1849 1852
1850 1851
1850 1852
1851 1852
1854 1855
1854 9151
1873 431
1873 434
1873 1874
1873 1875
1873 1876
1874 431
1874 434
1874 1875
1874 1876
1874 9598
1875 1876
1881 1882
1881 1883
1881 1884
1881 1885
1881 1886
1882 1883
1882 1884
1882 1885
1882 1886
1883 1884
1883 1885
1883 1886
1884 1656
1884 1885
1884 1886
1884 11257
1884 11258
1885 1886
1887 1888
1887 1889
1887 1890
1887 1891
1888 1889
1888 1890
1888 1891
1889 1890
1889 1891
1890 1891
1891 9543
1912 0
1912 1913
1912 6003
1912 6004
1913 6003
1913 6004
1923 1924
1923 1925
1923 1926
1924 1925
1924 1926
1925 1926
1971 1082
1971 1113
1971 6533
1971 8651
1971 8652
1971 9336
1982 1983
1987 1988
1987 1989
1987 1990
1987 1991
1987 1992
1988 1989
1988 1990
1988 1991
1988 1992
1988 3624
1989 1990
1989 1991
1989 1992
1990 1991
1990 1992
1991 1992
1995 3258
1995 3259
2007 2009
2007 4938
2007 4939
2007 4940
2007 4941
2007 4942
2007 4943
2007 4944
2007 4945
2007 4946
2013 2014
2013 2015
2013 2016
2014 2015
2014 2016
2015 2016
2026 2027
2026 2028
2027 2028
2029 1369
2029 2030
2029 2031
2030 1369
2030 2031
2039 2040
2039 2041
2039 2042
2040 2041
2040 2042
2041 2042
2096 2097
2131 2132
2133 2134
2133 2135
2134 2135
2144 2031
2145 2031
2145 2144
2153 1692
2153 2154
2153 4821
2154 1692
2154 4821
2163 2164
2163 2165
2163 2166
2163 2167
2164 2165
2164 2166
2164 2167
2165 2166
2165 2167
2166 2167
2167 8557
2167 8558
2174 2175
2174 2176
2175 2176
2177 2178
2177 2179
2178 2179
2179 2886
2184 1452
2184 2731
2185 3768
2202 9116
2202 9117
2214 807
2214 1452
2214 3796
2217 2218
2219 1113
2219 1114
2219 2220
2219 2221
2220 1113
2220 1114
2220 2221
2220 3446
2222 2223
2222 2224
2222 12622
2223 2224
2228 2229
2228 2230
2228 2231
2229 2230
2229 2231
2230 2231
2232 2233
2239 2240
2282 2283
2282 2284
2282 2285
2283 2284
2283 2285
2284 2285
2291 9172
2291 9230
2297 2298
2303 2304
2303 2305
2303 2306
2303 2307
2304 2305
2304 2306
2304 2307
2305 2306
2305 2307
2306 2307
2359 501
2359 2360
2359 3584
2359 3585
2359 3586
2362 380
2362 1449
2362 1452
2362 2184
2362 2731
2362 5414
2362 7752
2362 7834
2370 192
2370 2371
2370 2372
2370 2373
2370 2374
2371 192
2371 2372
2371 2373
2371 2374
2372 192
2372 2373
2372 2374
2373 2374
2408 3129
2408 6061
2408 6062
2425 1294
2425 1954
2435 616
2441 2442
2441 2443
2441 2444
2442 2443
2442 2444
2443 2444
2448 2449
2448 2450
2448 2451
2449 2450
2449 2451
2450 2451
2455 2456
2461 1174
2461 2462
2461 2463
2461 7401
2461 7402
2461 7403
2462 1174
2462 2463
2463 1174
2474 2475
2474 2476
2474 2477
2475 2476
2475 2477
2476 2477
2486 2230
2486 3157
2488 1111
2488 2608
2488 8613
2489 2490
2489 2491
2489 2492
2490 2491
2490 2492
2491 2492
2493 2494
2493 2495
2494 2495
2496 2497
2496 2498
2496 2499
2496 2500
2496 2501
2497 2498
2497 2499
2497 2500
2497 2501
2498 2499
2498 2500
2498 2501
2499 2500
2499 2501
2500 2501
2505 2506
2521 2522
2521 2523
2522 2523
2527 2529
2529 3751
2534 2535
2534 2536
2534 2537
2534 2538
2534 2539
2535 2536
2535 2537
2535 2538
2535 2539
2536 2537
2536 2538
2536 2539
2537 2538
2537 2539
2538 2539
2556 2557
2556 2558
2556 2559
2557 2558
2557 2559
2558 2559
2560 2561
2560 2562
2560 2563
2561 2562
2561 2563
2562 2563
2576 2577
2576 2578
2576 2579
2577 2578
2577 2579
2578 2579
2581 2582
2587 103
2591 3865
2593 707
2593 2594
2593 2595
2593 2596
2594 114
2594 707
2594 2595
2594 2596
2595 114
2595 707
2595 2596
2597 2598
2597 2599
2598 2599
2600 267
2600 2601
2600 2602
2600 2603
2600 2604
2601 267
2601 2602
2601 2603
2601 2604
2602 267
2602 2603
2602 2604
2603 267
2603 2604
2603 4682
2603 4683
2604 267
2605 2606
2605 2607
2605 2608
2605 2609
2606 2607
2606 2608
2606 2609
2607 2608
2607 2609
2608 2609
2608 8613
2618 2619
2618 2620
2619 2620
2631 2632
2631 2633
2631 2634
2631 2635
2631 2636
2632 2633
2632 2634
2632 2635
2632 2636
2633 2634
2633 2635
2633 2636
2634 2635
2634 2636
2635 2636
2637 2638
2637 2639
2637 5386
2638 2639
2643 2644
2643 2645
2644 2645
2647 7894
2650 5835
2682 8583
2682 8584
2682 8585
2702 2703
2702 2704
2703 2704
2705 2709
2717 1876
2730 1451
2730 3070
2730 4800
2731 1452
2732 2360
2732 2733
2733 2360
2734 3223
2734 3375
2741 7010
2742 2743
2744 12
2744 17
2744 98
2744 2745
2744 2746
2744 2747
2744 2748
2744 7807
2745 98
2745 2746
2745 2747
2745 2748
2746 98
2746 2747
2746 2748
2747 98
2747 2748
2752 2753
2752 2754
2752 2755
2752 2756
2753 2754
2753 2755
2753 2756
2754 2755
2754 2756
2755 2756
2763 2764
2765 2766
2775 2776
2777 2778
2777 2779
2777 2780
2777 2781
2778 2779
2778 2780
2778 2781
2779 2780
2779 2781
2780 2781
2798 2031
2798 2144
2798 2145
2800 417
2800 2801
2801 417
2810 874
2810 1208
2814 12832
2819 2820
2821 2822
2821 2823
2821 2824
2821 2825
2821 2826
2822 2823
2822 2824
2822 2825
2822 2826
2823 2824
2823 2825
2823 2826
2824 2825
2824 2826
2825 2826
2827 2828
2833 2834
2846 2847
2846 2848
2846 2849
2847 2848
2847 2849
2848 2849
2869 417
2878 2879
2878 2880
2878 2881
2878 2882
2878 2883
2878 2884
2879 2880
2879 2881
2879 2882
2879 2883
2879 2884
2880 2881
2880 2882
2880 2883
2880 2884
2881 2882
2881 2883
2881 2884
2882 2883
2882 2884
2883 2884
2903 6297
2903 6298
2906 2907
2906 2908
2906 2909
2906 2910
2906 2911
2906 2912
2907 2908
2907 2909
2907 2910
2907 2911
2907 2912
2908 2909
2908 2910
2908 2911
2908 2912
2909 2910
2909 2911
2909 2912
2910 2911
2910 2912
2911 2912
2930 2931
2930 2932
2931 2932
2933 2934
2933 2935
2934 2935
2940 741
2942 2943
2949 1661
2949 2950
2950 1661
2952 2954
2954 6362
2960 2961
2960 2962
2961 2962
2963 2964
2963 2965
2963 2966
2964 2965
2964 2966
2965 2966
2967 2968
2973 2974
2973 8487
2973 8488
3026 3027
3026 3028
3026 8663
3026 8664
3027 3028
3028 8664
3033 4611
3045 383
3045 3046
3045 3047
3046 383
3046 3047
3069 2731
3069 3070
3070 1451
3070 2731
3070 4800
3077 5800
3077 5801
3077 6760
3092 3093
3092 3094
3092 3095
3092 3096
3092 3097
3093 3094
3093 3095
3093 3096
3093 3097
3094 3095
3094 3096
3094 3097
3095 3096
3095 3097
3096 3097
3106 5201
3114 3115
3114 3116
3114 3117
3114 3118
3115 3116
3115 3117
3115 3118
3116 3117
3116 3118
3117 3118
3119 693
3119 3120
3120 693
3125 361
3125 3126
3125 3127
3125 3128
3125 3129
3126 361
3126 3127
3126 3128
3126 3129
3127 361
3127 3128
3127 3129
3128 361
3128 3129
3129 361
3129 6061
3129 6062
3143 3144
3143 3145
3143 3146
3143 3147
3143 3148
3144 3145
3144 3146
3144 3147
3144 3148
3145 911
3145 3146
3145 3147
3145 3148
3146 3147
3146 3148
3147 3148
3155 2230
3155 2486
3155 3156
3155 3157
3156 2230
3156 2486
3156 3157
3156 4542
3157 2230
3159 3300
3159 3301
3159 3304
3159 4489
3162 3163
3162 3164
3163 3164
3185 951
3185 2359
3185 3584
3185 3585
3185 3586
3185 11495
3185 11496
3189 3190
3189 3191
3190 3191
3202 3203
3202 3204
3202 3205
3203 3204
3203 3205
3204 3205
3213 514
3213 2650
3213 3214
3213 3215
3213 3369
3213 3370
3213 5835
3214 2650
3214 3215
3215 2650
3220 3221
3257 1995
3257 3258
3257 3259
3258 3259
3280 5528
3284 3285
3284 3286
3285 3286
3298 3159
3298 3300
3298 3301
3298 3304
3298 4489
3300 3301
3300 3304
3300 4489
3301 3304
3301 4489
3302 10402
3302 10403
3302 10404
3302 10405
3302 10406
3318 3427
3318 11459
3318 11460
3318 11461
3349 433
3349 3350
3349 3351
3349 3352
3350 3351
3350 3352
3351 3352
3363 3364
3363 3365
3363 3366
3363 3367
3363 3368
3364 3365
3364 3366
3364 3367
3364 3368
3365 3366
3365 3367
3365 3368
3366 3367
3366 3368
3367 3368
3369 514
3369 3370
3375 3223
3379 2148
3379 3380
3379 3381
3380 2148
3380 3381
3381 2148
3382 20
3382 3383
3382 3384
3383 3384
3402 2346
3402 8974
3409 3410
3409 3411
3409 3412
3409 3413
3409 3414
3409 3415
3410 3411
3410 3412
3410 3413
3410 3414
3410 3415
3411 3412
3411 3413
3411 3414
3411 3415
3412 3413
3412 3414
3412 3415
3413 3414
3413 3415
3414 3415
3417 4312
3418 1822
3418 3419
3418 3421
3419 1822
3419 3421
3421 1822
3435 337
3436 337
3436 3435
3437 337
3437 3435
3437 3436
3440 8945
3443 2220
3443 3444
3443 3445
3443 3446
3444 2220
3444 3445
3444 3446
3445 2220
3445 3446
3458 2702
3459 3460
3459 3461
3459 3462
3459 3463
3459 3464
3459 3465
3460 3461
3460 3462
3460 3463
3460 3464
3460 3465
3461 3462
3461 3463
3461 3464
3461 3465
3462 3463
3462 3464
3462 3465
3463 3464
3463 3465
3464 3465
3466 12617
3486 3487
3486 3488
3486 3489
3487 3488
3487 3489
3488 3489
3500 3501
3500 3502
3500 3503
3501 3502
3501 3503
3502 3503
3504 3505
3506 3507
3506 3508
3506 3509
3506 3510
3507 3508
3507 3509
3507 3510
3508 3509
3508 3510
3509 3510
3514 3515
3514 3516
3514 3517
3515 3516
3515 3517
3516 3517
3528 1030
3528 5703
3528 9768
3536 3537
3536 3538
3536 3539
3537 3538
3537 3539
3538 3539
3552 264
3552 3553
3552 3554
3552 3555
3553 264
3553 3554
3553 3555
3553 7162
3553 7163
3554 264
3554 3555
3555 264
3559 3560
3559 3561
3559 3562
3560 3561
3560 3562
3561 3562
3562 5946
3562 5947
3566 3567
3566 3568
3566 3569
3566 3570
3566 3571
3566 3572
3567 3568
3567 3569
3567 3570
3567 3571
3567 3572
3568 3569
3568 3570
3568 3571
3568 3572
3569 3570
3569 3571
3569 3572
3570 3571
3570 3572
3571 3572
3584 3585
3584 3586
3585 3586
3588 9182
3591 2647
3591 7894
3591 10529
3593 241
3593 1356
3593 6183
3610 615
3610 642
3610 5079
3621 3622
3621 3623
3622 3623
3624 1992
3639 3640
3639 3641
3639 3642
3640 3641
3640 3642
3641 3642
3650 3651
3650 3652
3650 3653
3650 3654
3651 3652
3651 3653
3651 3654
3652 3653
3652 3654
3653 3654
3660 3691
3669 6858
3690 7499
3690 10927
3690 11809
3702 3703
3702 3704
3702 3705
3702 3706
3702 3707
3702 3708
3702 3709
3702 3710
3702 3711
3702 3712
3702 3713
3702 3714
3702 3715
3702 3716
3702 3717
3702 3718
3702 3719
3702 3720
3702 3721
3703 3704
3703 3705
3703 3706
3703 3707
3703 3708
3703 3709
3703 3710
3703 3711
3703 3712
3703 3713
3703 3714
3703 3715
3703 3716
3703 3717
3703 3718
3703 3719
3703 3720
3703 3721
3704 3705
3704 3706
3704 3707
3704 3708
3704 3709
3704 3710
3704 3711
3704 3712
3704 3713
3704 3714
3704 3715
3704 3716
3704 3717
3704 3718
3704 3719
3704 3720
3704 3721
3705 3706
3705 3707
3705 3708
3705 3709
3705 3710
3705 3711
3705 3712
3705 3713
3705 3714
3705 3715
3705 3716
3705 3717
3705 3718
3705 3719
3705 3720
3705 3721
3706 3707
3706 3708
3706 3709
3706 3710
3706 3711
3706 3712
3706 3713
3706 3714
3706 3715
3706 3716
3706 3717
3706 3718
3706 3719
3706 3720
3706 3721
3707 3708
3707 3709
3707 3710
3707 3711
3707 3712
3707 3713
3707 3714
3707 3715
3707 3716
3707 3717
3707 3718
3707 3719
3707 3720
3707 3721
3708 3709
3708 3710
3708 3711
3708 3712
3708 3713
3708 3714
3708 3715
3708 3716
3708 3717
3708 3718
3708 3719
3708 3720
3708 3721
3709 3710
3709 3711
3709 3712
3709 3713
3709 3714
3709 3715
3709 3716
3709 3717
3709 3718
3709 3719
3709 3720
3709 3721
3710 3711
3710 3712
3710 3713
3710 3714
3710 3715
3710 3716
3710 3717
3710 3718
3710 3719
3710 3720
3710 3721
3711 3712
3711 3713
3711 3714
3711 3715
3711 3716
3711 3717
3711 3718
3711 3719
3711 3720
3711 3721
3712 3713
3712 3714
3712 3715
3712 3716
3712 3717
3712 3718
3712 3719
3712 3720
3712 3721
3713 3714
3713 3715
3713 3716
3713 3717
3713 3718
3713 3719
3713 3720
3713 3721
3714 3715
3714 3716
3714 3717
3714 3718
3714 3719
3714 3720
3714 3721
3715 3716
3715 3717
3715 3718
3715 3719
3715 3720
3715 3721
3716 3717
3716 3718
3716 3719
3716 3720
3716 3721
3717 3718
3717 3719
3717 3720
3717 3721
3718 3719
3718 3720
3718 3721
3719 3720
3719 3721
3720 3721
3728 1138
3728 3729
3728 3730
3728 3731
3728 9107
3728 9108
3729 1138
3729 3730
3729 3731
3730 1138
3730 3731
3731 1138
3732 3733
3732 3734
3732 3735
3732 3736
3732 3737
3733 3734
3733 3735
3733 3736
3733 3737
3734 3735
3734 3736
3734 3737
3735 3736
3735 3737
3736 3737
3738 3739
3746 3747
3746 3748
3747 3748
3766 2185
3766 3767
3766 3768
3767 2185
3767 3768
3786 3788
3786 7140
3786 7141
3786 7142
3788 7141
3788 7142
3794 5123
3796 1452
3813 3814
3838 170
3838 387
3838 489
3838 6533
3846 5659
3864 3865
3864 3866
3864 3867
3865 3866
3865 3867
3866 3867
3875 103
3875 2587
3884 3885
3894 3895
3894 3896
3895 3896
3909 3910
3915 2460
3916 2460
3916 3915
3923 8850
3924 3925
3987 9207
3993 607
3993 3994
3993 3995
3993 3996
3993 3997
3993 3998
3993 3999
3993 4000
3993 4001
3993 4002
3993 4003
3993 4844
3993 4845
3993 4846
3993 4847
3994 3995
3994 3996
3994 3997
3994 3998
3994 3999
3994 4000
3994 4001
3994 4002
3994 4003
3995 3996
3995 3997
3995 3998
3995 3999
3995 4000
3995 4001
3995 4002
3995 4003
3996 3997
3996 3998
3996 3999
3996 4000
3996 4001
3996 4002
3996 4003
3997 3998
3997 3999
3997 4000
3997 4001
3997 4002
3997 4003
3998 2167
3998 3999
3998 4000
3998 4001
3998 4002
3998 4003
3998 8557
3998 8558
3999 4000
3999 4001
3999 4002
3999 4003
4000 4001
4000 4002
4000 4003
4001 4002
4001 4003
4002 4003
4006 1368
4006 3843
4006 12112
4007 1368
4007 3843
4007 4006
4007 12111
4007 12112
4039 4040
4039 4041
4039 4042
4039 4043
4040 4041
4040 4042
4040 4043
4041 4042
4041 4043
4042 4043
4054 4786
4063 4064
4063 4065
4064 4065
4076 1470
4076 4077
4076 4078
4077 1470
4077 4078
4099 4100
4099 4101
4099 4102
4099 4103
4099 4104
4100 4101
4100 4102
4100 4103
4100 4104
4101 4102
4101 4103
4101 4104
4102 4103
4102 4104
4103 4104
4121 4122
4121 10808
4125 1238
4125 4126
4125 4127
4126 1238
4126 4127
4127 1238
4134 4135
4139 114
4139 297
4139 2593
4156 4157
4156 4836
4156 4837
4157 4837
4183 1247
4183 4184
4183 5653
4184 1247
4191 4192
4191 4193
4191 7791
4192 4193
4192 7791
4193 7791
4193 12051
4195 3660
4195 3691
4196 3690
4196 4197
4196 7499
4196 10927
4196 11808
4196 11809
4197 3690
4197 7499
4197 10927
4197 11808
4197 11809
4205 4206
4205 4207
4205 4208
4206 4207
4206 4208
4207 4208
4239 4240
4271 4272
4275 4276
4275 4277
4276 4277
4287 615
4287 4288
4287 4743
4303 852
4303 2264
4303 4304
4303 4305
4303 4306
4303 4307
4303 4308
4303 4309
4304 852
4304 2264
4304 4305
4304 4306
4304 4307
4304 4308
4304 4309
4305 852
4305 2264
4305 4306
4305 4307
4305 4308
4305 4309
4306 852
4306 2264
4306 4307
4306 4308
4306 4309
4307 852
4307 2264
4307 4308
4307 4309
4308 2264
4308 4309
4309 2264
4316 11072
4316 11560
4316 11561
4326 4327
4326 4329
4326 6546
4326 7666
4326 7667
4327 4329
4327 6546
4327 7667
4329 1645
4329 6546
4329 7667
4342 4343
4342 4344
4343 4344
4346 3449
4346 10016
4382 4383
4382 4384
4382 4385
4382 4386
4382 4387
4383 4384
4383 4385
4383 4386
4383 4387
4384 4385
4384 4386
4384 4387
4385 4386
4385 4387
4386 4387
4388 4389
4388 4390
4389 4390
4397 4398
4414 4415
4419 3752
4436 12448
4436 12449
4436 12450
4436 12451
4437 164
4437 1168
4437 6043
4437 6114
4437 6115
4437 9224
4444 11774
4454 4455
4454 4456
4454 4457
4454 4458
4455 4456
4455 4457
4455 4458
4456 4457
4456 4458
4457 4458
4460 6403
4478 992
4478 4479
4479 992
4489 3304
4490 2201
4490 4491
4490 4492
4490 4493
4490 4494
4490 4495
4490 4496
4490 4497
4491 2201
4491 4492
4491 4493
4491 4494
4491 4495
4491 4496
4491 4497
4492 2201
4492 4493
4492 4494
4492 4495
4492 4496
4492 4497
4493 2201
4493 4494
4493 4495
4493 4496
4493 4497
4494 2201
4494 4495
4494 4496
4494 4497
4495 2201
4495 4496
4495 4497
4496 2201
4496 4497
4497 2201
4520 4521
4531 4055
4531 11543
4539 4540
4539 4541
4539 4542
4539 4543
4540 4541
4540 4542
4540 4543
4541 4542
4541 4543
4542 4543
4555 8148
4555 8149
4555 8919
4555 8920
4555 8921
4600 3555
4600 4601
4601 3555
4604 1254
4604 4605
4604 4606
4605 4606
4608 4609
4608 4610
4608 4611
4609 4610
4609 4611
4610 4611
4617 4618
4617 4619
4618 4619
4628 4630
4670 6170
4670 6171
4670 11101
4670 11102
4670 11103
4670 11104
4672 4673
4672 4674
4672 4675
4673 4674
4673 4675
4674 4675
4674 7326
4676 2603
4676 4677
4676 4678
4676 4679
4676 4680
4676 4681
4676 4682
4676 4683
4677 2603
4677 4678
4677 4679
4677 4680
4677 4681
4677 4682
4677 4683
4678 2603
4678 4679
4678 4680
4678 4681
4678 4682
4678 4683
4679 2603
4679 4680
4679 4681
4679 4682
4679 4683
4680 2603
4680 4681
4680 4682
4680 4683
4681 267
4681 2603
4681 4682
4681 4683
4682 267
4682 4683
4712 4713
4712 4714
4712 11111
4712 11112
4713 4714
4715 2593
4715 4716
4715 4717
4716 2593
4716 4717
4717 2593
4718 4226
4718 4719
4719 4226
4738 615
4738 4287
4738 4288
4738 4739
4738 4740
4738 4741
4738 4742
4738 4743
4739 615
4739 4287
4739 4288
4739 4740
4739 4741
4739 4742
4739 4743
4740 615
4740 4287
4740 4288
4740 4741
4740 4742
4740 4743
4741 449
4741 615
4741 3033
4741 4287
4741 4288
4741 4611
4741 4742
4741 4743
4741 11385
4742 615
4742 4287
4742 4288
4742 4743
4742 10556
4743 615
4743 4288
4753 6127
4753 8485
4756 4757
4756 4758
4756 4759
4756 4760
4757 4758
4757 4759
4757 4760
4758 4759
4758 4760
4759 4760
4761 4275
4761 4277
4765 11231
4765 11232
4770 4771
4770 4772
4770 4773
4770 4774
4770 4775
4770 7855
4771 4772
4771 4773
4771 4774
4771 4775
4771 7854
4771 7855
4772 4773
4772 4774
4772 4775
4773 4774
4773 4775
4774 4775
4779 4780
4779 4781
4779 4782
4780 4781
4780 4782
4780 10186
4781 4782
4798 58
4798 10453
4800 1451
4808 63
4808 9514
4808 9515
4808 9516
4808 9517
4813 12081
4813 12082
4820 398
4820 1692
4820 2153
4820 2154
4820 4821
4821 1692
4836 4157
4836 4837
4843 607
4843 3993
4843 3998
4843 4844
4843 4845
4843 4846
4843 4847
4844 607
4844 3998
4844 4845
4844 4846
4844 4847
4845 607
4845 3998
4845 4846
4845 4847
4846 607
4846 3998
4846 4847
4847 3998
4849 1818
4849 8734
4862 4863
4864 4865
4864 4866
4865 4866
4867 3384
4867 4868
4868 3384
4870 5532
4870 5533
4870 9567
4879 4880
4879 4881
4879 4882
4880 4881
4880 4882
4881 4882
4890 6587
4907 4908
4907 4909
4907 4910
4907 4911
4907 4912
4907 4913
4908 4909
4908 4910
4908 4911
4908 4912
4908 4913
4909 4910
4909 4911
4909 4912
4909 4913
4910 4911
4910 4912
4910 4913
4911 4912
4911 4913
4912 4913
4915 4916
4915 4917
4915 4918
4916 4917
4916 4918
4917 4918
4936 4937
4938 2009
4938 4939
4938 4940
4938 4941
4938 4942
4938 4943
4938 4944
4938 4945
4938 4946
4939 2009
4939 4940
4939 4941
4939 4942
4939 4943
4939 4944
4939 4945
4939 4946
4940 2009
4940 4941
4940 4942
4940 4943
4940 4944
4940 4945
4940 4946
4941 2009
4941 4942
4941 4943
4941 4944
4941 4945
4941 4946
4942 2009
4942 4943
4942 4944
4942 4945
4942 4946
4943 2009
4943 4944
4943 4945
4943 4946
4944 2009
4944 4945
4944 4946
4945 2009
4945 4946
4946 2009
4950 4951
4954 7298
4978 4979
4983 4984
4998 616
4998 2435
4998 6874
5003 616
5003 2435
5014 734
5014 5015
5014 5016
5015 5016
5043 5044
5043 5045
5044 5045
5050 1751
5050 4501
5050 5400
5050 5401
5050 5402
5050 5403
5054 5055
5054 5056
5055 5056
5057 1545
5057 5058
5058 1545
5077 4444
5077 5078
5077 5079
5078 4444
5078 5079
5079 615
5079 4444
5093 1424
5093 1427
5093 5094
5107 10894
5107 10895
5118 5119
5118 5120
5118 5121
5118 5122
5119 5120
5119 5121
5119 5122
5120 5121
5120 5122
5121 5122
5146 5147
5146 5148
5146 5149
5147 5148
5147 5149
5148 5149
5151 5152
5162 4916
5204 5205
5225 5226
5225 5227
5226 5227
5233 1306
5233 7489
5233 9627
5233 9628
5286 5287
5292 114
5292 297
5292 5293
5292 5294
5292 5295
5293 114
5293 297
5293 5294
5293 5295
5294 297
5294 5295
5294 7001
5354 5356
5354 12436
5354 12437
5357 5358
5357 5359
5357 5360
5358 5359
5358 5360
5359 5360
5361 4302
5361 5362
5361 5363
5361 5364
5362 4302
5362 5363
5362 5364
5363 4302
5363 5364
5364 4302
5378 5379
5378 5380
5379 5380
5386 2638
5400 1751
5400 4501
5400 5401
5400 5402
5400 5403
5401 1751
5401 4501
5401 5402
5401 5403
5402 1751
5402 4501
5402 5403
5403 1751
5403 4501
5414 1449
5414 1452
5414 2184
5414 2731
5414 7752
5414 7834
5416 7980
5416 11238
5417 380
5417 1452
5417 2362
5425 1051
5425 5427
5426 1051
5426 5425
5426 5427
5426 9167
5427 1051
5429 1913
5429 3417
5479 5483
5479 11516
5479 11517
5520 5190
5520 5521
5521 5190
5521 8163
5529 4870
5529 5530
5529 5531
5529 5532
5529 5533
5530 4870
5530 5531
5530 5532
5530 5533
5531 4870
5531 5532
5531 5533
5532 5533
5543 5545
5543 10281
5543 10282
5545 10282
5565 114
5565 960
5565 5566
5565 5567
5565 5568
5566 5567
5566 5568
5567 5568
5570 5571
5570 5572
5570 5573
5571 5572
5571 5573
5572 5573
5577 4979
5577 5578
5578 4979
5589 4619
5589 5590
5590 4619
5604 449
5604 4611
5604 4741
5604 11385
5612 2874
5612 5613
5613 2874
5626 165
5626 5627
5650 5651
5650 5652
5651 5652
5653 1247
5653 4184
5659 12483
5682 7581
5686 9891
5686 9892
5686 9893
5686 9894
5686 9895
5703 1030
5703 9768
5704 5705
5738 165
5738 5627
5753 3417
5753 4312
5754 5755
5754 5756
5755 5756
5758 7384
5758 7385
5766 1113
5766 1971
5776 5777
5776 5778
5776 5779
5776 5780
5776 5781
5776 5782
5777 5778
5777 5779
5777 5780
5777 5781
5777 5782
5778 5779
5778 5780
5778 5781
5778 5782
5779 5780
5779 5781
5779 5782
5780 5781
5780 5782
5781 5782
5800 6760
5801 5800
5801 5803
5801 5804
5801 6760
5803 5804
5819 5399
5819 5820
5820 5399
5821 5533
5821 5822
5822 5533
5823 5824
5828 337
5828 5829
5828 5830
5829 337
5829 5830
5830 337
5834 2650
5834 3213
5834 5835
5836 5837
5836 5838
5836 5839
5837 5838
5837 5839
5838 5839
5852 5853
5865 767
5865 768
5865 769
5865 5866
5865 5867
5865 9323
5865 9324
5866 767
5866 768
5866 769
5866 5867
5866 9323
5866 9324
5867 769
5868 2527
5868 2529
5875 5876
5875 5877
5875 5878
5876 5877
5876 5878
5877 5878
5904 1810
5904 9198
5913 6
5913 5914
5913 5915
5913 5916
5913 5917
5913 5918
5913 5919
5913 5920
5913 5921
5913 5922
5913 5923
5913 5924
5914 6
5914 5915
5914 5916
5914 5917
5914 5918
5914 5919
5914 5920
5914 5921
5914 5922
5914 5923
5914 5924
5915 6
5915 5916
5915 5917
5915 5918
5915 5919
5915 5920
5915 5921
5915 5922
5915 5923
5915 5924
5916 6
5916 5917
5916 5918
5916 5919
5916 5920
5916 5921
5916 5922
5916 5923
5916 5924
5917 5918
5917 5919
5917 5920
5917 5921
5917 5922
5917 5923
5917 5924
5918 5919
5918 5920
5918 5921
5918 5922
5918 5923
5918 5924
5919 5920
5919 5921
5919 5922
5919 5923
5919 5924
5920 5921
5920 5922
5920 5923
5920 5924
5921 5922
5921 5923
5921 5924
5922 5923
5922 5924
5923 5924
5943 628
5944 3562
5944 5945
5944 5946
5944 5947
5945 3562
5945 5946
5945 5947
5946 5947
5971 5972
5979 5980
5979 5981
5979 5982
5979 5983
5979 5984
5979 5985
5980 5981
5980 5982
5980 5983
5980 5984
5980 5985
5981 5982
5981 5983
5981 5984
5981 5985
5982 5983
5982 5984
5982 5985
5983 5984
5983 5985
5984 5985
5985 9083
5985 9084
5985 9085
6003 6004
6012 1204
6012 6013
6012 6014
6013 1204
6013 6014
6014 1204
6015 6016
6015 6017
6016 6017
6040 164
6040 1168
6040 4437
6040 6041
6040 6042
6040 6043
6040 9224
6041 164
6041 1168
6041 4437
6041 6042
6041 6043
6041 9224
6042 164
6042 1168
6042 4437
6042 6043
6042 9224
6044 3364
6044 3367
6044 3368
6044 6045
6044 6046
6045 3364
6045 3367
6045 3368
6045 6046
6046 3364
6046 3367
6046 3368
6060 2408
6060 3129
6060 6061
6060 6062
6061 6062
6076 6077
6076 6078
6077 6078
6095 6096
6095 6097
6095 6098
6095 6099
6095 6100
6095 6101
6095 6102
6096 6097
6096 6098
6096 6099
6096 6100
6096 6101
6096 6102
6097 6098
6097 6099
6097 6100
6097 6101
6097 6102
6098 6099
6098 6100
6098 6101
6098 6102
6099 6100
6099 6101
6099 6102
6100 6101
6100 6102
6101 6102
6112 4437
6112 6113
6112 6114
6112 6115
6113 4437
6113 6114
6113 6115
6114 6115
6127 4054
6127 4786
6127 6128
6136 3191
6136 6137
6137 3191
6142 6143
6142 6144
6143 6144
6158 1923
6158 1926
6159 6160
6159 6161
6160 6161
6165 6166
6167 4670
6167 6168
6167 6169
6167 6170
6167 6171
6168 4670
6168 6169
6168 6170
6168 6171
6169 4670
6169 6170
6169 6171
6170 6171
6183 1356
6187 6188
6187 6189
6187 6190
6188 6189
6188 6190
6189 6190
6200 4671
6200 6201
6201 4671
6235 1078
6235 1082
6235 6236
6235 6237
6235 6238
6235 6239
6236 1078
6236 1082
6236 6237
6236 6238
6236 6239
6237 1078
6237 6238
6237 6239
6238 6239
6249 6250
6249 12417
6250 12417
6267 829
6267 832
6267 6268
6267 6269
6267 6270
6268 832
6268 6269
6268 6270
6269 832
6269 6270
6270 832
6274 6275
6285 1645
6285 4329
6285 6286
6286 1645
6286 4329
6294 2903
6294 6295
6294 6296
6294 6297
6294 6298
6295 2903
6295 6296
6295 6297
6295 6298
6296 2903
6296 6297
6296 6298
6297 6298
6311 6312
6311 6313
6311 6314
6312 6313
6312 6314
6313 6314
6336 6337
6340 6341
6340 6342
6340 6343
6340 6344
6340 6345
6341 6342
6341 6343
6341 6344
6341 6345
6342 6343
6342 6344
6342 6345
6343 6344
6343 6345
6344 6345
6354 6355
6354 6356
6354 6357
6354 6358
6354 6359
6355 6356
6355 6357
6355 6358
6355 6359
6356 6357
6356 6358
6356 6359
6357 6358
6357 6359
6358 6359
6360 2954
6360 6361
6360 6362
6361 2954
6361 6362
6367 6368
6367 6369
6367 6370
6367 6371
6367 6372
6367 6373
6367 6374
6368 6369
6368 6370
6368 6371
6368 6372
6368 6373
6368 6374
6369 6370
6369 6371
6369 6372
6369 6373
6369 6374
6370 6371
6370 6372
6370 6373
6370 6374
6371 6372
6371 6373
6371 6374
6372 6373
6372 6374
6373 6374
6379 346
6379 6380
6379 6381
6380 346
6380 6381
6381 346
6383 6384
6383 6385
6383 6386
6383 6387
6384 6385
6384 6386
6384 6387
6385 6386
6385 6387
6386 6387
6388 192
6388 3752
6388 4419
6388 6389
6389 192
6389 3752
6389 4419
6399 6400
6399 6401
6400 6401
6402 4460
6402 6403
6415 6416
6415 6417
6415 6418
6415 6419
6416 6417
6416 6418
6416 6419
6417 6418
6417 6419
6418 6419
6444 387
6444 6445
6445 387
6481 618
6481 6482
6481 6483
6482 618
6482 6483
6483 618
6504 2243
6504 6505
6504 6506
6504 6507
6505 2243
6505 6506
6505 6507
6506 2243
6506 6507
6506 11964
6507 2243
6509 6510
6509 6511
6509 6512
6510 6511
6510 6512
6511 6512
6528 6529
6528 6530
6529 6530
6530 9539
6534 1873
6535 1873
6535 6534
6542 21
6542 6543
6542 6544
6542 6545
6542 6546
6543 21
6543 6544
6543 6545
6543 6546
6544 21
6544 6545
6544 6546
6545 21
6545 6546
6548 45
6548 46
6573 6574
6575 3328
6575 6576
6575 6577
6576 3328
6576 6577
6577 3328
6581 874
6581 1208
6581 2810
6586 4890
6586 6587
6595 6596
6597 6598
6597 6599
6598 6599
6614 6615
6614 6616
6614 6617
6615 6616
6615 6617
6616 6617
6636 1954
6641 2167
6666 64
6668 6669
6668 6670
6668 6671
6669 6670
6669 6671
6670 6671
6698 12166
6698 12167
6712 2293
6734 6735
6734 6736
6735 6736
6737 400
6761 6762
6766 833
6766 8565
6772 6773
6772 6774
6773 6774
6829 2096
6829 2097
6829 6830
6830 2096
6830 2097
6837 37
6837 6838
6837 6839
6838 6839
6840 6841
6862 6863
6874 616
6874 2435
6879 1307
6898 6899
6903 6904
6903 6905
6903 6906
6904 6905
6904 6906
6905 6906
6918 6919
6918 6920
6918 6921
6919 6920
6919 6921
6920 6921
6922 3788
6934 6872
6934 6935
6934 6936
6935 6872
6935 6936
6936 6872
6950 2355
6983 6984
6983 9209
6983 9210
6984 9210
7003 7004
7003 7005
7003 7006
7003 7007
7003 7008
7004 7005
7004 7006
7004 7007
7004 7008
7005 7006
7005 7007
7005 7008
7006 7007
7006 7008
7007 7008
7009 2741
7009 7010
7016 7017
7016 7018
7017 7018
7027 2216
7051 4674
7051 7326
7085 1520
7085 7086
7085 7087
7086 1520
7086 7087
7087 1520
7101 10388
7101 10389
7101 11782
7101 11783
7112 7113
7112 7114
7113 7114
7115 525
7115 7116
7116 525
7124 7125
7124 7126
7125 7126
7140 3788
7140 7141
7140 7142
7141 7142
7145 6305
7161 3553
7161 7162
7161 7163
7162 7163
7176 7177
7207 5097
7207 7208
7207 7209
7207 7210
7208 5097
7208 7209
7208 7210
7209 5097
7209 7210
7210 5097
7229 7230
7229 7231
7230 7231
7242 7243
7259 449
7259 4611
7259 4741
7259 5604
7259 11385
7295 7296
7330 7331
7330 7332
7331 7332
7351 5001
7351 7352
7351 7353
7352 5001
7352 7353
7353 5001
7354 5248
7354 7355
7355 5248
7356 7357
7356 7358
7357 7358
7359 357
7364 738
7364 742
7364 7365
7364 7366
7364 7367
7365 738
7365 742
7365 7366
7365 7367
7366 742
7366 7367
7368 1285
7368 7369
7369 1285
7384 7385
7388 7389
7388 7390
7388 12388
7389 7390
7401 1174
7401 2463
7401 7402
7401 7403
7402 1174
7402 2463
7402 7403
7403 1174
7403 2463
7415 7416
7415 7417
7416 7417
7442 357
7442 1179
7442 7359
7450 1520
7450 7451
7450 7452
7450 7453
7451 7452
7451 7453
7452 7453
7489 1306
7489 9627
7489 9628
7492 7493
7492 7494
7492 7495
7493 7494
7493 7495
7494 7495
7499 10927
7505 1645
7505 7506
7505 7507
7506 1645
7506 7507
7507 1645
7513 2030
7513 2031
7516 7517
7516 7518
7516 7519
7516 7520
7516 7521
7517 7518
7517 7519
7517 7520
7517 7521
7518 7519
7518 7520
7518 7521
7519 7520
7519 7521
7520 7521
7530 3144
7543 3106
7543 5201
7543 7544
7543 7545
7544 3106
7544 5201
7544 7545
7545 3106
7545 5201
7546 601
7546 7547
7546 7548
7546 7549
7546 7550
7546 7551
7546 7552
7547 7548
7547 7549
7547 7550
7547 7551
7547 7552
7548 7549
7548 7550
7548 7551
7548 7552
7549 7550
7549 7551
7549 7552
7550 7551
7550 7552
7551 7552
7565 741
7565 8139
7565 8744
7565 12509
7565 12510
7570 2741
7572 1884
7580 5682
7580 7581
7583 10660
7609 1645
7609 7506
7650 1193
7650 8231
7650 8232
7666 4327
7666 4329
7666 6546
7666 7667
7667 6546
7678 7679
7678 7680
7678 10669
7678 10670
7678 10671
7678 10672
7678 10673
7678 10674
7678 10675
7678 10676
7679 7680
7679 10669
7679 10670
7679 10671
7679 10672
7679 10673
7679 10674
7679 10675
7679 10676
7680 10669
7680 10670
7680 10671
7680 10672
7680 10673
7680 10674
7680 10675
7680 10676
7686 2691
7686 7687
7686 7688
7686 7689
7686 7690
7687 2691
7687 7688
7687 7689
7687 7690
7688 2691
7688 7689
7688 7690
7689 2691
7689 7690
7690 2691
7704 7705
7704 7706
7705 7706
7706 6217
7713 7714
7745 7746
7745 7747
7745 7748
7745 7749
7745 7750
7746 7747
7746 7748
7746 7749
7746 7750
7747 7748
7747 7749
7747 7750
7748 7749
7748 7750
7749 7750
7752 1452
7752 2184
7752 2731
7775 682
7775 683
7775 7776
7776 682
7776 683
7790 1873
7790 6534
7790 6535
7791 12590
7791 12591
7791 12592
7803 6403
7803 7804
7804 6403
7808 2744
7808 7807
7834 1449
7834 1452
7834 2184
7834 2731
7834 7752
7854 4770
7854 7855
7862 3144
7862 7530
7862 7863
7863 3144
7863 7530
7871 7872
7871 7873
7871 7942
7871 8094
7871 8095
7872 7873
7881 7382
7884 1433
7884 8844
7884 8845
7885 7886
7885 7887
7885 7888
7885 7889
7886 7887
7886 7888
7886 7889
7887 7888
7887 7889
7888 7889
7894 1344
7909 807
7909 2214
7915 1321
7915 7916
7916 1321
7917 7919
7917 8459
7917 10101
7927 7928
7938 7939
7938 11421
7942 8095
7967 3959
7967 7968
7968 3959
7980 11238
7981 3623
7981 7982
7981 7983
7982 3623
7982 7983
7983 3623
7990 7991
7990 7992
7990 7993
7990 7994
7990 7995
7990 7996
7991 7992
7991 7993
7991 7994
7991 7995
7991 7996
7992 7993
7992 7994
7992 7995
7992 7996
7993 7994
7993 7995
7993 7996
7994 7995
7994 7996
7995 7996
8003 8004
8081 2179
8081 2886
8082 8083
8082 8084
8083 8084
8094 7942
8094 8095
8096 8097
8096 8098
8096 8099
8096 8100
8096 8101
8096 8102
8097 8098
8097 8099
8097 8100
8097 8101
8097 8102
8098 8099
8098 8100
8098 8101
8098 8102
8099 8100
8099 8101
8099 8102
8100 8101
8100 8102
8101 8102
8103 8104
8103 8105
8104 8105
8139 741
8140 10420
8141 8142
8141 8143
8141 8144
8141 8145
8142 8143
8142 8144
8142 8145
8143 8144
8143 8145
8144 8145
8146 2952
8146 2954
8147 4555
8147 8148
8147 8149
8148 8149
8148 8919
8148 8920
8148 8921
8148 12493
8148 12494
8149 8919
8149 8920
8149 8921
8161 5521
8161 8162
8161 8163
8162 5521
8162 8163
8170 8171
8170 8172
8170 8173
8171 8172
8171 8173
8172 8173
8202 8203
8202 8204
8203 8204
8229 1344
8229 7894
8230 1193
8230 7650
8230 8231
8230 8232
8231 1193
8231 8232
8232 1193
8233 8234
8234 11669
8234 11670
8234 11671
8269 1751
8269 8270
8269 8271
8270 1751
8270 8271
8288 8289
8288 8290
8289 8290
8291 8292
8306 2477
8337 8718
8365 1721
8365 1722
8365 8366
8366 1722
8374 741
8374 2940
8374 9038
8374 11246
8399 8400
8415 10218
8421 8422
8421 8423
8421 8424
8422 8423
8422 8424
8423 8424
8459 7919
8459 10101
8487 8488
8501 967
8501 8502
8501 10828
8501 10829
8502 10828
8502 10829
8520 8521
8520 8522
8521 8522
8532 4477
8532 8533
8532 8534
8532 8535
8533 4477
8533 8534
8533 8535
8534 4477
8534 8535
8535 4477
8536 8537
8554 8555
8556 2167
8556 3998
8556 8557
8556 8558
8557 8558
8576 8577
8582 2682
8582 8583
8582 8584
8582 8585
8583 8584
8583 8585
8584 8585
8595 404
8595 652
8595 8597
8597 404
8621 675
8621 8622
8622 675
8633 11315
8634 8635
8634 8636
8635 8636
8649 1082
8649 1971
8649 8650
8649 8651
8649 8652
8650 1082
8650 1971
8650 8651
8650 8652
8651 1082
8651 8652
8652 1082
8657 8658
8657 8659
8658 8659
8663 3028
8663 8664
8674 8675
8674 8676
8675 8676
8688 8689
8688 8690
8688 8691
8688 8692
8689 8690
8689 8691
8689 8692
8690 8691
8690 8692
8691 8692
8717 8337
8717 8718
8731 456
8732 8733
8732 8734
8732 8735
8732 8736
8732 8737
8733 8734
8733 8735
8733 8736
8733 8737
8734 8735
8734 8736
8734 8737
8735 8736
8735 8737
8736 8737
8743 741
8743 7565
8743 8139
8743 8744
8743 12509
8743 12510
8744 741
8744 8139
8744 12510
8750 396
8750 8751
8751 396
8821 6092
8821 8822
8822 6092
8844 1433
8844 8845
8845 1433
8851 8852
8851 8853
8852 8853
8854 9684
8854 9685
8890 6007
8918 4555
8918 8148
8918 8149
8918 8919
8918 8920
8918 8921
8919 8920
8919 8921
8920 8921
8925 380
8925 1452
8925 2362
8925 5417
8925 8926
8925 8927
8925 8928
8925 8929
8926 380
8926 1452
8926 2362
8926 5417
8926 8927
8926 8928
8926 8929
8927 380
8927 1452
8927 2362
8927 5417
8927 8928
8927 8929
8928 380
8928 1452
8928 2362
8928 5417
8928 8929
8929 380
8929 1452
8929 2362
8929 5417
8944 3440
8944 8945
8972 8973
8974 2346
8997 3318
8997 3427
9002 9003
9002 9004
9002 9005
9002 9006
9003 9004
9003 9005
9003 9006
9004 9005
9004 9006
9005 9006
9038 741
9038 2940
9038 11246
9060 4010
9060 9061
9060 9062
9061 4010
9061 9062
9062 4010
9073 9074
9073 9075
9073 9076
9073 9077
9074 9075
9074 9076
9074 9077
9075 9076
9075 9077
9076 9077
9081 5985
9081 9082
9081 9083
9081 9084
9081 9085
9082 5985
9082 9083
9082 9084
9082 9085
9083 9084
9083 9085
9084 9085
9086 3739
9086 9087
9086 9088
9087 3739
9087 9088
9088 3739
9090 9091
9090 9092
9090 9093
9090 9094
9090 9095
9090 9096
9090 9097
9091 9092
9091 9093
9091 9094
9091 9095
9091 9096
9091 9097
9092 9093
9092 9094
9092 9095
9092 9096
9092 9097
9093 9094
9093 9095
9093 9096
9093 9097
9094 9095
9094 9096
9094 9097
9095 9096
9095 9097
9096 9097
9107 1138
9107 3729
9107 9108
9108 1138
9108 3729
9109 1818
9109 4849
9109 8734
9109 9110
9109 9111
9109 9112
9110 1818
9110 4849
9110 8734
9110 9111
9110 9112
9111 1818
9111 4849
9111 8734
9111 9112
9112 1818
9112 4849
9112 8734
9116 9117
9121 398
9121 1692
9121 2153
9121 2154
9147 6503
9151 1855
9166 1051
9166 5425
9166 5426
9166 5427
9166 9167
9167 1051
9167 5425
9167 5427
9171 2291
9171 9172
9176 9177
9176 9178
9177 9178
9179 1688
9179 1689
9179 1692
9179 9180
9180 1692
9181 12
9181 17
9181 2744
9195 9394
9195 9395
9196 1810
9196 5904
9196 9197
9196 9198
9197 1810
9197 5904
9197 9198
9198 1810
9205 3987
9205 9206
9205 9207
9206 3987
9206 9207
9208 6983
9208 6984
9208 9209
9208 9210
9209 6984
9209 9210
9211 9212
9223 3957
9236 563
9236 7004
9236 9237
9236 9238
9237 563
9237 7004
9237 9238
9238 7004
9258 3417
9258 5429
9323 767
9323 768
9323 769
9323 9324
9324 768
9324 769
9332 58
9332 1971
9332 9333
9332 9334
9332 9335
9332 9336
9333 58
9333 1971
9333 9334
9333 9335
9333 9336
9334 58
9334 1971
9334 9335
9334 9336
9335 58
9335 1971
9335 9336
9343 9344
9371 615
9371 642
9371 3610
9371 5079
9371 9372
9372 615
9372 642
9372 3610
9372 5079
9392 9195
9392 9393
9392 9394
9392 9395
9393 9195
9393 9394
9393 9395
9394 9395
9420 1600
9420 9421
9420 9422
9421 1600
9421 9422
9422 1600
9426 9427
9426 9428
9427 9428
9448 9449
9448 9450
9449 9450
9456 6305
9456 7145
9456 9457
9457 6305
9457 7145
9458 9459
9483 3368
9483 9484
9484 3368
9510 151
9514 63
9514 9515
9514 9516
9514 9517
9515 63
9515 9516
9515 9517
9516 63
9516 9517
9537 1699
9537 1956
9537 6530
9537 9538
9537 9539
9538 6530
9538 9539
9539 1956
9542 1891
9542 9543
9563 4870
9563 9564
9563 9565
9563 9566
9563 9567
9564 4870
9564 9565
9564 9566
9564 9567
9565 4870
9565 9566
9565 9567
9566 4870
9566 9567
9581 5053
9581 9582
9582 5053
9590 820
9590 9591
9590 9592
9591 9592
9593 3028
9596 1874
9596 9597
9596 9598
9597 1874
9597 9598
9599 3586
9599 9600
9599 9601
9600 3586
9600 9601
9601 3586
9623 9624
9623 9625
9624 9625
9627 1306
9627 9628
9628 1306
9629 9630
9629 9631
9630 9631
9635 9636
9635 9637
9635 9638
9636 9637
9636 9638
9637 9638
9639 9640
9639 9641
9640 9641
9668 8583
9684 9685
9692 9693
9692 9694
9692 9695
9693 9694
9693 9695
9694 9695
9696 198
9749 433
9749 3349
9749 3350
9766 1030
9766 3528
9766 5703
9766 9767
9766 9768
9767 1030
9767 3528
9767 5703
9767 9768
9768 1030
9805 3767
9805 3768
9805 9806
9806 3767
9806 3768
9813 715
9813 717
9813 719
9813 9814
9813 9815
9813 9816
9814 717
9814 719
9814 9815
9814 9816
9815 717
9815 719
9815 9816
9816 717
9816 719
9828 11234
9828 11235
9844 9845
9845 10122
9845 10123
9850 9851
9850 9852
9850 9853
9850 9854
9851 9852
9851 9853
9851 9854
9852 9853
9852 9854
9853 9854
9855 9856
9855 9857
9856 9857
9858 9859
9858 9860
9859 9860
9868 9869
9877 2243
9878 9879
9890 5686
9890 9891
9890 9892
9890 9893
9890 9894
9890 9895
9891 9892
9891 9893
9891 9894
9891 9895
9892 9893
9892 9894
9892 9895
9893 9894
9893 9895
9894 9895
9899 9900
9904 1699
9904 1956
9904 9537
9904 9539
9905 1368
9905 3843
9905 4006
9905 4007
9905 12111
9905 12112
9921 2346
9921 12438
9934 9935
9952 1623
9952 9953
9953 1623
9955 8495
9955 9956
9955 9957
9956 8495
9956 9957
9957 8495
9963 9964
9963 9965
9963 9966
9963 9967
9964 9965
9964 9966
9964 9967
9965 9966
9965 9967
9966 9967
9978 9979
9978 9980
9978 9981
9978 9982
9978 9983
9978 9984
9979 9980
9979 9981
9979 9982
9979 9983
9979 9984
9980 9981
9980 9982
9980 9983
9980 9984
9981 9982
9981 9983
9981 9984
9982 9983
9982 9984
9983 9984
10005 8214
10005 10006
10006 8214
10015 3449
10015 4346
10015 10016
10016 3449
10100 1204
10100 6013
10121 9845
10121 10122
10121 10123
10122 10123
10125 9182
10125 10126
10126 9182
10159 4127
10159 10160
10160 4127
10174 616
10174 2435
10174 5003
10174 10175
10175 616
10175 2435
10175 5003
10186 4781
10187 10188
10187 10189
10187 10190
10187 10191
10187 10192
10187 10193
10187 10194
10187 10195
10187 10196
10187 10197
10187 10198
10187 10199
10188 10189
10188 10190
10188 10191
10188 10192
10188 10193
10188 10194
10188 10195
10188 10196
10188 10197
10188 10198
10188 10199
10189 10190
10189 10191
10189 10192
10189 10193
10189 10194
10189 10195
10189 10196
10189 10197
10189 10198
10189 10199
10190 10191
10190 10192
10190 10193
10190 10194
10190 10195
10190 10196
10190 10197
10190 10198
10190 10199
10191 10192
10191 10193
10191 10194
10191 10195
10191 10196
10191 10197
10191 10198
10191 10199
10192 10193
10192 10194
10192 10195
10192 10196
10192 10197
10192 10198
10192 10199
10193 10194
10193 10195
10193 10196
10193 10197
10193 10198
10193 10199
10194 10195
10194 10196
10194 10197
10194 10198
10194 10199
10195 10196
10195 10197
10195 10198
10195 10199
10196 10197
10196 10198
10196 10199
10197 10198
10197 10199
10198 10199
10205 4346
10215 8415
10215 10216
10215 10217
10215 10218
10216 8415
10216 10217
10216 10218
10217 8415
10217 10218
10235 5801
10235 5803
10235 5804
10235 10236
10236 5801
10236 5803
10236 5804
10242 5161
10255 1017
10274 10275
10280 5543
10280 5545
10280 10281
10280 10282
10281 5545
10281 10282
10289 10290
10289 10291
10289 10292
10289 10293
10289 10294
10289 10295
10289 10296
10290 10291
10290 10292
10290 10293
10290 10294
10290 10295
10290 10296
10291 10292
10291 10293
10291 10294
10291 10295
10291 10296
10292 10293
10292 10294
10292 10295
10292 10296
10293 10294
10293 10295
10293 10296
10294 10295
10294 10296
10295 10296
10297 396
10312 10313
10312 10314
10312 10315
10312 10316
10313 10314
10313 10315
10313 10316
10314 10315
10314 10316
10315 10316
10326 10327
10332 1819
10332 10333
10332 10334
10333 1819
10333 10334
10346 10347
10357 10358
10357 10359
10357 10360
10358 10359
10358 10360
10359 10360
10361 10362
10361 10363
10362 10363
10379 4395
10388 10389
10388 11783
10389 11783
10390 10391
10402 10403
10402 10404
10402 10405
10402 10406
10403 10404
10403 10405
10403 10406
10404 10405
10404 10406
10405 10406
10413 2095
10413 10414
10413 10415
10414 2095
10414 10415
10415 2095
10424 10425
10440 10441
10440 10442
10441 10442
10452 58
10452 4798
10452 10453
10453 58
10460 4501
10460 10461
10460 10462
10461 4501
10461 10462
10462 4501
10471 10472
10510 6007
10510 8890
10514 10515
10514 10516
10514 10517
10515 10516
10515 10517
10516 10517
10529 2647
10529 7894
10533 9845
10533 10534
10534 9845
10548 10549
10548 10550
10548 10551
10548 10552
10548 10553
10549 10550
10549 10551
10549 10552
10549 10553
10550 10551
10550 10552
10550 10553
10551 10552
10551 10553
10552 10553
10554 4739
10554 4742
10554 10555
10554 10556
10555 4739
10555 4742
10555 10556
10556 4739
10564 10565
10568 10569
10568 10570
10569 10570
10571 387
10571 10572
10571 10573
10571 10574
10572 387
10572 10573
10572 10574
10573 387
10573 10574
10574 387
10575 10576
10651 267
10651 10652
10652 267
10659 7583
10659 10660
10661 10662
10661 10663
10661 10664
10661 10665
10661 10666
10662 10663
10662 10664
10662 10665
10662 10666
10663 10664
10663 10665
10663 10666
10664 10665
10664 10666
10665 10666
10667 7678
10667 7679
10667 7680
10667 10668
10667 10669
10667 10670
10667 10671
10667 10672
10667 10673
10667 10674
10667 10675
10667 10676
10668 7678
10668 7679
10668 7680
10668 10669
10668 10670
10668 10671
10668 10672
10668 10673
10668 10674
10668 10675
10668 10676
10669 10670
10669 10671
10669 10672
10669 10673
10669 10674
10669 10675
10669 10676
10670 10671
10670 10672
10670 10673
10670 10674
10670 10675
10670 10676
10671 10672
10671 10673
10671 10674
10671 10675
10671 10676
10672 10673
10672 10674
10672 10675
10672 10676
10673 10674
10673 10675
10673 10676
10674 10675
10674 10676
10675 10676
10689 4628
10689 4630
10689 10690
10690 4628
10690 4630
10695 2
10695 10696
10696 2
10747 10748
10808 4122
10828 10829
10888 289
10888 290
10894 10895
10932 10933
10941 10942
10941 10943
10942 10943
10959 2256
10959 10960
10960 2256
11038 1884
11038 7572
11051 2529
11051 3751
11051 11052
11052 2529
11052 3751
11072 11560
11072 11561
11086 3488
11086 11087
11087 3488
11094 267
11094 4681
11094 4682
11101 11102
11101 11103
11101 11104
11102 11103
11102 11104
11103 11104
11111 11112
11113 11114
11113 11115
11113 11116
11113 11117
11114 11115
11114 11116
11114 11117
11115 11116
11115 11117
11116 11117
11118 11119
11138 11139
11196 7305
11196 12092
11200 78
11201 11202
11201 11203
11201 11204
11202 11203
11202 11204
11203 11204
11205 11206
11230 4765
11230 11231
11230 11232
11231 11232
11233 9828
11233 11234
11233 11235
11234 11235
11239 7917
11239 7919
11246 741
11246 2940
11256 1656
11256 1884
11256 11257
11256 11258
11257 1656
11257 11258
11258 1656
11285 11286
11285 11287
11285 11288
11286 11287
11286 11288
11287 11288
11314 8633
11314 11315
11316 11317
11367 11368
11367 11369
11367 11370
11367 11371
11368 11369
11368 11370
11368 11371
11369 11370
11369 11371
11370 11371
11385 449
11385 4611
11420 7938
11420 7939
11420 11421
11421 7939
11433 11434
11433 11435
11434 11435
11439 3846
11439 5659
11455 11456
11458 3318
11458 3427
11458 11459
11458 11460
11458 11461
11459 3427
11459 11460
11459 11461
11460 3427
11460 11461
11461 3427
11495 951
11495 11496
11496 951
11498 11499
11498 11500
11498 11501
11499 11500
11499 11501
11500 11501
11516 5483
11516 11517
11517 5483
11543 4055
11560 11561
11560 12532
11567 967
11567 8502
11567 10829
11602 11603
11602 11604
11603 11604
11605 11606
11605 11607
11606 11607
11669 11670
11669 11671
11670 11671
11672 11673
11734 11735
11734 11736
11735 11736
11773 4444
11773 11774
11782 10388
11782 10389
11782 11783
11802 11803
11802 11804
11803 11804
11808 3690
11808 7499
11808 10927
11808 11560
11808 11809
11808 12532
11809 7499
11809 10927
11819 4711
11820 4069
11821 11822
11821 11823
11821 11824
11822 11823
11822 11824
11823 11824
11828 11829
11828 11830
11828 11831
11828 11832
11828 11833
11828 11834
11828 11835
11828 11836
11828 11837
11828 11838
11828 11839
11828 11840
11829 11830
11829 11831
11829 11832
11829 11833
11829 11834
11829 11835
11829 11836
11829 11837
11829 11838
11829 11839
11829 11840
11830 11831
11830 11832
11830 11833
11830 11834
11830 11835
11830 11836
11830 11837
11830 11838
11830 11839
11830 11840
11831 11832
11831 11833
11831 11834
11831 11835
11831 11836
11831 11837
11831 11838
11831 11839
11831 11840
11832 11833
11832 11834
11832 11835
11832 11836
11832 11837
11832 11838
11832 11839
11832 11840
11833 11834
11833 11835
11833 11836
11833 11837
11833 11838
11833 11839
11833 11840
11834 11835
11834 11836
11834 11837
11834 11838
11834 11839
11834 11840
11835 11836
11835 11837
11835 11838
11835 11839
11835 11840
11836 11837
11836 11838
11836 11839
11836 11840
11837 11838
11837 11839
11837 11840
11838 11839
11838 11840
11839 11840
11841 1556
11841 11842
11842 1556
11863 11864
11863 11865
11863 11866
11863 11867
11863 11868
11864 11865
11864 11866
11864 11867
11864 11868
11865 11866
11865 11867
11865 11868
11866 11867
11866 11868
11867 11868
11869 398
11869 1692
11869 2153
11869 2154
11895 9713
11895 11896
11896 9713
11949 4983
11949 4984
11949 11950
11949 11951
11949 11952
11949 11953
11950 4983
11950 4984
11950 11951
11950 11952
11950 11953
11951 4983
11951 4984
11951 11952
11951 11953
11952 4983
11952 4984
11952 11953
11953 4983
11953 4984
11954 11955
11964 2243
11965 11966
11965 11967
11966 11967
11976 11977
11976 11978
11976 11979
11977 11978
11977 11979
11978 11979
11983 11984
11983 11985
11983 11986
11984 11985
11984 11986
11985 11986
11997 2492
11997 11998
11997 11999
11997 12000
11998 2492
11998 11999
11998 12000
11999 2492
11999 12000
12000 2492
12013 12014
12013 12015
12013 12016
12013 12017
12013 12018
12013 12019
12013 12020
12013 12021
12014 12015
12014 12016
12014 12017
12014 12018
12014 12019
12014 12020
12014 12021
12015 12016
12015 12017
12015 12018
12015 12019
12015 12020
12015 12021
12016 12017
12016 12018
12016 12019
12016 12020
12016 12021
12017 12018
12017 12019
12017 12020
12017 12021
12018 12019
12018 12020
12018 12021
12019 12020
12019 12021
12020 12021
12050 4193
12050 12051
12077 1306
12077 12078
12077 12079
12078 1306
12078 12079
12080 433
12080 4813
12080 12081
12080 12082
12081 12082
12092 7305
12096 12097
12096 12098
12096 12099
12096 12100
12097 12098
12097 12099
12097 12100
12098 12099
12098 12100
12099 12100
12111 1368
12111 3843
12111 4006
12111 12112
12112 3843
12142 58
12142 1103
12142 6841
12142 12143
12143 58
12143 1103
12143 6841
12144 12145
12165 6698
12165 12166
12165 12167
12166 12167
12205 992
12205 12206
12206 992
12245 12246
12245 12247
12245 12248
12246 12247
12246 12248
12247 12248
12265 12266
12265 12267
12266 12267
12270 4158
12270 12271
12270 12272
12271 4158
12271 12272
12272 4158
12273 12274
12273 12275
12274 12275
12276 12277
12278 12279
12278 12280
12279 12280
12332 12333
12332 12334
12333 12334
12374 1971
12374 6533
12374 12375
12375 1971
12375 6533
12388 7389
12388 7390
12425 110
12425 1215
12425 1661
12425 12426
12425 12427
12426 110
12426 1661
12426 12427
12427 110
12427 1661
12433 5354
12433 5356
12433 12434
12433 12435
12433 12436
12433 12437
12434 5354
12434 5356
12434 12435
12434 12436
12434 12437
12435 5354
12435 5356
12435 12436
12435 12437
12436 5356
12436 12437
12437 5356
12438 2346
12447 4436
12447 12448
12447 12449
12447 12450
12447 12451
12448 12449
12448 12450
12448 12451
12449 12450
12449 12451
12450 12451
12480 5659
12480 12481
12480 12482
12480 12483
12481 5659
12481 12482
12481 12483
12482 5659
12482 12483
12489 173
12489 489
12489 3838
12489 6533
12492 1311
12492 8148
12492 12493
12492 12494
12493 12494
12502 12503
12509 741
12509 8139
12509 8744
12509 12510
12510 741
12510 8139
12531 11560
12531 11808
12531 12532
12570 506
12570 12571
12570 12572
12571 506
12571 12572
12586 6217
12586 7706
12586 12587
12587 6217
12587 7706
12590 4193
12590 12591
12590 12592
12591 4193
12591 12592
12592 4193
12605 12606
12616 3466
12616 12617
12626 1754
12626 12627
12676 12677
12676 12678
12677 12678
12704 417
12704 12705
12705 417
12722 1913
12722 5429
12770 12771
12791 12792
12791 12793
12791 12794
12792 12793
12792 12794
12793 12794
12810 3129
12810 12811
12811 3129
12831 2814
12831 12832
12835 12836
12835 12837
12836 12837
12864 12865
12864 12866
12865 12866
12889 114
12889 297
12889 2593
12889 4139
12896 6209
12896 12897
12897 6209
