0 1912
0 1913
1 2
3 4
3 5
3 1070
3 1071
3 1072
3 1073
5 4
11 12
11 13
11 14
11 15
11 16
11 17
12 13
12 14
12 15
12 16
12 17
13 14
13 15
13 16
13 17
14 15
14 16
14 17
15 16
15 17
16 17
25 26
25 27
26 27
26 3879
26 4934
26 4935
37 4437
37 5712
37 6040
38 5260
42 387
44 45
44 46
45 46
54 55
54 56
54 57
54 58
55 56
55 57
55 58
56 57
56 58
57 58
69 25
69 71
69 9707
69 9708
69 12560
70 25
70 69
70 9706
70 9707
70 9708
75 78
75 359
98 2993
102 103
102 104
103 104
103 432
103 433
103 434
103 932
118 119
123 125
123 3158
123 3161
126 127
126 128
127 128
131 132
137 138
137 212
137 8117
138 212
157 158
157 8693
165 5627
165 7203
166 167
170 171
170 172
170 173
171 172
171 173
172 173
172 3752
172 5701
177 2427
181 182
181 183
181 184
182 183
182 184
183 184
205 206
205 207
205 208
205 209
206 207
206 208
206 209
207 208
207 209
208 209
210 211
210 212
210 213
211 212
211 213
212 213
220 590
220 591
229 230
229 231
229 232
229 233
229 234
229 5625
230 231
230 232
230 233
230 234
230 5625
231 232
231 233
231 234
231 5625
232 233
232 234
232 5625
233 234
240 241
240 242
240 243
240 244
241 242
241 243
241 244
242 243
242 244
243 244
245 246
245 247
245 248
246 247
246 248
247 248
252 9349
252 9350
265 266
265 267
266 267
268 269
276 278
276 280
276 10267
280 278
280 10267
287 778
294 295
294 296
294 297
294 298
295 296
295 297
295 298
296 297
296 298
297 298
297 11448
299 300
305 1099
305 2188
305 3084
305 5444
305 6261
305 6262
305 11784
305 11785
310 311
310 312
310 313
311 312
311 313
312 313
316 317
321 322
321 323
321 324
322 323
322 324
323 324
327 326
327 12255
327 12256
329 224
330 331
330 332
331 332
334 2743
337 8244
358 75
358 78
358 359
359 78
359 2532
359 2533
361 399
361 4437
361 6752
361 7034
361 12065
379 1450
379 1451
379 1452
379 2080
379 2729
381 2112
381 5564
381 7261
381 7262
381 7263
381 7264
383 858
383 2186
391 392
393 394
396 361
396 398
396 399
396 5260
398 361
398 399
410 2663
416 1590
416 10835
416 12453
416 12454
430 103
430 431
430 432
430 433
430 434
431 103
431 432
431 433
431 434
431 6684
431 6685
432 433
432 434
432 6684
432 6685
433 434
433 5896
438 7529
448 2136
448 3611
448 12601
455 456
455 457
456 457
483 484
483 485
483 486
483 487
483 488
483 489
484 485
484 486
484 487
484 488
484 489
485 486
485 487
485 488
485 489
486 487
486 488
486 489
487 488
487 489
488 489
489 6533
499 500
524 525
527 4347
531 532
531 533
531 534
531 535
531 536
531 537
531 594
532 533
532 534
532 535
532 536
532 537
533 534
533 535
533 536
533 537
534 535
534 536
534 537
535 536
535 537
536 537
538 539
538 540
538 541
538 542
539 540
539 541
539 542
540 410
540 541
540 542
540 2663
541 542
549 550
561 562
561 563
562 563
564 565
564 566
564 567
564 568
565 566
565 567
565 568
566 567
566 568
567 568
567 858
567 3219
567 11414
567 11415
567 11416
567 11417
574 575
574 576
575 576
589 220
589 590
589 591
590 591
591 2774
591 8864
591 9402
591 9403
593 531
593 594
607 1018
607 2454
621 618
621 7002
629 1566
629 6465
629 11611
642 615
652 653
660 661
660 662
660 663
660 664
661 662
661 663
661 664
662 663
662 664
663 664
669 670
669 671
670 671
674 675
682 683
688 13622
689 688
689 13622
699 2470
699 4424
700 13002
700 13003
700 13004
700 13005
700 13006
703 704
703 705
703 706
703 707
703 708
704 705
704 706
704 707
704 708
705 706
705 707
705 708
705 4422
706 707
706 708
707 708
710 2355
710 6951
710 7852
710 7853
712 713
712 714
712 715
712 716
712 717
712 718
712 719
712 6063
712 6064
712 6065
713 714
713 715
713 716
713 717
713 718
713 719
714 715
714 716
714 717
714 718
714 719
715 716
715 717
715 718
715 719
716 717
716 718
716 719
717 718
717 719
718 25
718 719
720 721
720 722
720 723
720 724
720 725
721 722
721 723
721 724
721 725
722 723
722 724
722 725
723 724
723 725
724 725
725 6793
725 6794
725 6795
725 6796
725 6797
725 6798
725 6799
767 768
767 769
767 1716
767 5866
768 769
770 771
770 772
770 773
770 774
770 775
771 772
771 773
771 774
771 775
772 773
772 774
772 775
773 774
773 775
774 775
777 7980
779 780
782 783
782 784
782 785
782 786
782 787
783 784
783 785
783 786
783 787
784 785
784 786
784 787
785 786
785 787
786 787
788 5295
790 791
790 10095
790 10096
790 10097
790 10098
790 10099
791 5461
791 5462
791 5463
791 5464
791 5465
791 10098
791 10099
792 725
792 6792
792 6793
792 6794
792 6795
792 6796
792 6797
792 6798
792 6799
797 800
797 801
797 802
797 4670
797 12373
800 801
800 802
800 4670
800 12373
801 802
803 804
803 805
804 805
826 827
852 853
852 854
852 855
852 856
852 857
852 858
853 854
853 855
853 856
853 857
853 858
854 855
854 856
854 857
854 858
855 856
855 857
855 858
856 857
856 858
857 858
858 2186
872 873
889 4587
889 4588
889 4589
895 361
895 399
895 896
895 897
895 898
896 361
896 399
896 897
896 898
897 361
897 399
897 898
898 361
898 399
902 2325
902 3550
904 905
928 929
928 930
928 931
928 932
928 2035
928 5687
928 5688
929 103
929 930
929 931
929 932
929 2035
929 4158
929 5687
929 5688
930 931
930 932
930 3527
931 932
932 2035
932 4158
940 941
940 942
940 943
940 944
941 942
941 943
941 944
942 943
942 944
943 944
964 965
967 8502
967 10829
967 12424
987 988
993 5212
993 5213
1010 1011
1010 1012
1010 1013
1010 1014
1011 1012
1011 1013
1011 1014
1012 1013
1012 1014
1013 1014
1018 1019
1029 1030
1029 5200
1029 5201
1034 1036
1034 1992
1034 11077
1045 1047
1051 12181
1051 12182
1051 12183
1054 14157
1054 14158
1054 14159
1054 14160
1067 1068
1067 1069
1068 1069
1068 1699
1070 4
1070 5
1070 1071
1070 1072
1070 1073
1071 4
1071 5
1071 1072
1071 1073
1072 4
1072 5
1072 1073
1073 4
1073 5
1078 1080
1078 1082
1078 7387
1078 8682
1078 8683
1078 8684
1080 1082
1080 7387
1080 8684
1082 7387
1082 11304
1089 4935
1089 5659
1101 1980
1109 3017
1111 1112
1111 1113
1111 1114
1111 2608
1111 3938
1111 8613
1112 1113
1112 8265
1113 12312
1114 1112
1114 1113
1114 3938
1114 12312
1116 1117
1125 1126
1125 1127
1126 1127
1128 1129
1128 1130
1128 1131
1128 1132
1129 1130
1129 1131
1129 1132
1130 1131
1130 1132
1131 1132
1135 1138
1144 71
1144 12560
1144 12561
1147 1148
1147 1149
1147 1570
1147 1571
1148 1149
1156 1151
1167 5978
1169 1170
1169 1171
1169 1172
1169 1173
1169 1174
1169 2976
1169 3482
1169 3983
1169 4098
1170 1171
1170 1172
1170 1173
1170 1174
1170 3482
1171 64
1171 1172
1171 1173
1171 1174
1171 3482
1171 3983
1171 5097
1171 7210
1172 1173
1172 1174
1173 1174
1176 1177
1176 1178
1176 1179
1176 1180
1176 2647
1176 7894
1176 9146
1177 1178
1177 1179
1177 1180
1178 1179
1178 1180
1179 1180
1179 7359
1179 7360
1179 12184
1181 1182
1181 1183
1181 1184
1181 1185
1181 1186
1182 1183
1182 1184
1182 1185
1182 1186
1183 1184
1183 1185
1183 1186
1184 1185
1184 1186
1185 1186
1187 1188
1187 1189
1188 1189
1193 7652
1193 7653
1193 7654
1193 7655
1193 7656
1204 13927
1208 874
1209 1210
1209 1211
1210 1211
1214 13275
1214 13276
1215 361
1215 3128
1231 1232
1231 1233
1231 1234
1232 1233
1232 1234
1233 1234
1236 1238
1238 10474
1239 1240
1239 1241
1239 1242
1240 1241
1240 1242
1241 1242
1242 2238
1246 4949
1248 1249
1248 1250
1248 1251
1248 1252
1249 1250
1249 1251
1249 1252
1250 1251
1250 1252
1251 1252
1253 1254
1253 1255
1254 1255
1254 4605
1280 1281
1280 1282
1280 1283
1281 1282
1281 1283
1282 1283
1284 1286
1284 6152
1284 6153
1284 6154
1284 10155
1285 1287
1285 11428
1286 6153
1286 6154
1286 10155
1287 11428
1292 1699
1292 13657
1294 177
1294 2426
1294 2427
1306 1307
1306 1308
1306 1309
1306 1310
1306 1311
1306 9910
1307 1308
1307 1309
1307 1310
1307 1311
1308 1309
1308 1310
1308 1311
1309 1310
1309 1311
1310 1311
1312 1313
1312 1314
1313 1314
1327 932
1327 1328
1327 1329
1328 932
1328 1329
1329 932
1369 2031
1369 2145
1369 2799
1384 13196
1441 1445
1441 2446
1441 3252
1441 4544
1445 2446
1445 4544
1449 379
1449 1450
1449 1451
1449 1452
1450 1451
1450 1452
1451 1452
1451 2362
1452 2362
1453 615
1453 642
1453 1454
1454 615
1454 642
1470 57
1482 14245
1482 14246
1495 13411
1504 1505
1504 1506
1504 1507
1504 1508
1504 1509
1504 1510
1504 1511
1505 1506
1505 1507
1505 1508
1505 1509
1505 1510
1505 1511
1506 1507
1506 1508
1506 1509
1506 1510
1506 1511
1507 1508
1507 1509
1507 1510
1507 1511
1508 1509
1508 1510
1508 1511
1509 1510
1509 1511
1510 1511
1537 1538
1537 1539
1538 1539
1541 1545
1543 12817
1546 1547
1548 1549
1548 1550
1548 1551
1548 1552
1549 1550
1549 1551
1549 1552
1550 1551
1550 1552
1551 1552
1553 1555
1553 1556
1555 1556
1561 1562
1561 1563
1561 1564
1561 1565
1561 1566
1561 1567
1562 1563
1562 1564
1562 1565
1562 1566
1562 1567
1563 1564
1563 1565
1563 1566
1563 1567
1564 1565
1564 1566
1564 1567
1565 1566
1565 1567
1566 1567
1566 6465
1566 11611
1570 1571
1576 1577
1576 1578
1576 1579
1577 1578
1577 1579
1578 1579
1592 1893
1592 1894
1592 1895
1592 4287
1592 4288
1592 8194
1592 8633
1593 1594
1593 1595
1594 1595
1597 3858
1611 1612
1611 1613
1612 1613
1614 1615
1623 9953
1623 13836
1623 13837
1624 438
1624 7529
1626 1627
1626 1628
1626 1629
1627 1628
1627 1629
1628 1629
1639 4921
1640 1641
1640 1642
1641 1642
1643 1644
1643 1645
1644 1645
1657 1658
1657 1659
1657 1661
1657 7204
1657 7205
1657 7206
1658 1661
1658 7204
1658 7205
1658 7206
1659 1658
1659 1661
1659 7204
1659 7205
1659 7206
1661 2950
1661 7206
1661 9701
1666 2381
1666 2874
1667 1666
1667 12452
1668 1669
1668 1670
1669 1670
1679 1680
1679 1681
1680 1681
1688 1689
1698 1699
1698 1956
1710 1711
1710 1712
1711 1712
1716 768
1716 769
1720 1721
1720 1722
1721 1722
1723 233
1723 1724
1723 1725
1724 233
1724 1725
1725 233
1726 1727
1726 1728
1726 1729
1727 1728
1727 1729
1728 1729
1730 1731
1730 1732
1731 1732
1748 1749
1748 1750
1748 1751
1749 1750
1749 1751
1750 1751
1751 5053
1755 1754
1755 3853
1755 10999
1758 497
1758 1759
1759 497
1776 1777
1779 1780
1779 1781
1780 1781
1782 1783
1799 3448
1799 3449
1799 4038
1808 1699
1808 2197
1808 2354
1808 10356
1811 1812
1815 1816
1815 1817
1815 1818
1815 8154
1816 1817
1816 1818
1817 1818
1818 8734
1819 433
1819 1820
1820 431
1820 433
1820 3752
1820 4837
1820 5587
1820 5588
1820 6588
1820 8064
1840 7252
1840 7253
1840 7254
1846 1847
1846 5703
1847 5703
1850 12158
1854 1855
1873 1820
1873 1876
1873 2614
1873 3752
1873 4837
1873 5101
1873 5586
1873 5587
1873 5588
1873 6535
1873 8064
1873 10587
1875 1873
1875 2614
1875 2615
1875 3025
1892 1592
1892 1893
1892 1894
1892 1895
1892 4287
1892 4288
1892 4743
1892 8190
1892 8191
1892 8192
1892 8193
1892 8194
1893 1894
1893 1895
1893 4288
1894 1895
1894 4287
1894 4288
1894 4743
1894 8187
1894 8188
1894 8189
1894 8190
1894 8191
1894 8192
1894 8193
1894 8194
1895 4287
1895 4288
1895 4743
1895 8187
1895 8188
1895 8189
1895 8190
1895 8191
1895 8192
1895 8193
1895 8194
1899 1900
1899 1901
1899 1902
1899 1903
1900 1901
1900 1902
1900 1903
1901 1902
1901 1903
1902 1903
1904 1905
1904 1906
1904 1907
1905 1906
1905 1907
1906 1907
1908 1909
1908 1910
1908 1911
1908 1912
1908 1913
1909 1910
1909 1911
1909 1912
1909 1913
1910 1911
1910 1912
1910 1913
1911 1912
1911 1913
1912 1913
1931 5620
1931 5841
1942 1943
1942 1944
1942 1945
1942 1946
1942 13296
1943 1944
1943 1945
1943 1946
1944 1945
1944 1946
1945 1946
1946 4184
1948 1949
1948 1950
1949 1950
1956 1699
1956 1955
1956 4182
1988 1992
1988 3624
1988 7792
1988 11729
1988 11730
1989 1988
1989 1992
1989 7792
1992 1036
1992 11077
2033 2035
2033 2102
2033 2227
2033 5072
2033 6226
2033 6227
2033 11469
2033 11470
2035 2227
2043 2044
2043 2045
2043 2046
2043 2047
2043 2048
2043 2049
2044 337
2044 2045
2044 2046
2044 2047
2044 2048
2044 2049
2044 2506
2044 8243
2044 8244
2044 11599
2045 337
2045 2046
2045 2047
2045 2048
2045 2049
2045 2506
2045 8243
2045 8244
2045 11599
2046 2047
2046 2048
2046 2049
2047 2048
2047 2049
2048 2049
2050 1294
2050 6811
2059 9106
2072 6694
2074 2072
2074 3400
2074 6689
2074 6690
2074 6691
2074 6692
2074 6693
2074 6694
2089 1776
2089 1777
2093 2094
2093 2095
2093 2096
2093 2097
2094 2095
2094 2096
2094 2097
2095 2096
2095 2097
2096 2097
2102 2035
2102 2227
2102 11469
2102 11470
2103 2104
2103 2105
2103 2106
2104 2105
2104 2106
2105 2106
2113 2114
2113 2115
2113 2116
2113 2117
2113 2118
2113 2119
2113 2120
2113 2121
2113 2122
2113 2123
2113 2124
2113 2125
2113 2126
2113 2127
2113 2128
2113 2129
2113 2130
2114 2115
2114 2116
2114 2117
2114 2118
2114 2119
2114 2120
2114 2121
2114 2122
2114 2123
2114 2124
2114 2125
2114 2126
2114 2127
2114 2128
2114 2129
2114 2130
2115 2116
2115 2117
2115 2118
2115 2119
2115 2120
2115 2121
2115 2122
2115 2123
2115 2124
2115 2125
2115 2126
2115 2127
2115 2128
2115 2129
2115 2130
2116 2117
2116 2118
2116 2119
2116 2120
2116 2121
2116 2122
2116 2123
2116 2124
2116 2125
2116 2126
2116 2127
2116 2128
2116 2129
2116 2130
2117 2118
2117 2119
2117 2120
2117 2121
2117 2122
2117 2123
2117 2124
2117 2125
2117 2126
2117 2127
2117 2128
2117 2129
2117 2130
2118 2119
2118 2120
2118 2121
2118 2122
2118 2123
2118 2124
2118 2125
2118 2126
2118 2127
2118 2128
2118 2129
2118 2130
2119 2120
2119 2121
2119 2122
2119 2123
2119 2124
2119 2125
2119 2126
2119 2127
2119 2128
2119 2129
2119 2130
2120 2121
2120 2122
2120 2123
2120 2124
2120 2125
2120 2126
2120 2127
2120 2128
2120 2129
2120 2130
2121 2122
2121 2123
2121 2124
2121 2125
2121 2126
2121 2127
2121 2128
2121 2129
2121 2130
2122 2123
2122 2124
2122 2125
2122 2126
2122 2127
2122 2128
2122 2129
2122 2130
2123 2124
2123 2125
2123 2126
2123 2127
2123 2128
2123 2129
2123 2130
2124 2125
2124 2126
2124 2127
2124 2128
2124 2129
2124 2130
2125 2126
2125 2127
2125 2128
2125 2129
2125 2130
2126 2127
2126 2128
2126 2129
2126 2130
2127 2128
2127 2129
2127 2130
2128 2129
2128 2130
2129 2130
2136 5416
2145 2031
2147 4624
2147 4625
2147 4626
2155 2156
2167 3994
2167 3998
2167 10852
2167 10853
2167 10854
2179 2886
2179 8081
2186 1213
2187 2188
2187 2189
2187 2190
2188 1099
2188 2189
2188 2190
2188 3084
2188 11785
2189 2190
2191 2192
2191 2193
2191 2194
2192 2193
2192 2194
2193 2194
2195 212
2195 3062
2195 3063
2196 1699
2196 1808
2196 2197
2196 2515
2196 3219
2196 4244
2197 1699
2197 2515
2197 10815
2197 10816
2198 2199
2198 2200
2198 2201
2199 2200
2199 2201
2200 2201
2202 2203
2227 5072
2228 2229
2228 2230
2228 2231
2229 2230
2229 2231
2230 2231
2236 1242
2236 2237
2236 2238
2237 1242
2237 2238
2245 410
2245 540
2245 2663
2248 1597
2248 3858
2259 2260
2280 119
2280 2281
2281 119
2286 2287
2286 2288
2286 2289
2286 2290
2287 2288
2287 2289
2287 2290
2288 2289
2288 2290
2289 2290
2291 2292
2291 2293
2291 10340
2292 2293
2292 6712
2293 6712
2294 2295
2294 2296
2295 2296
2296 13349
2296 13350
2314 2315
2314 2316
2314 2317
2315 2316
2315 2317
2316 2317
2318 2319
2318 2320
2318 2321
2319 2320
2319 2321
2320 2321
2325 2576
2325 3947
2344 2345
2344 2346
2345 2346
2350 1808
2350 2354
2350 10355
2350 10356
2372 6872
2375 985
2402 2403
2402 2404
2403 2404
2425 177
2425 1294
2425 2426
2425 2427
2426 177
2426 2427
2435 616
2435 5001
2436 2437
2445 1441
2445 1445
2445 2446
2445 4544
2454 1018
2465 699
2465 2470
2465 3387
2465 4424
2465 4453
2465 6999
2468 475
2468 10521
2468 10522
2474 1089
2474 5198
2474 5659
2477 4829
2488 1111
2488 2608
2488 8613
2505 387
2505 2506
2505 3743
2505 3744
2505 12048
2509 2512
2509 2515
2509 4853
2509 6754
2512 2515
2512 4853
2512 6754
2514 2509
2514 2512
2514 2515
2514 4853
2514 6753
2514 6754
2515 4853
2516 2517
2516 2518
2516 2519
2517 2518
2517 2519
2517 5069
2517 5071
2517 12218
2517 12219
2518 2519
2518 5069
2518 5071
2520 1111
2520 1112
2520 1113
2520 1114
2532 2533
2534 2537
2534 2539
2534 11870
2534 11871
2537 2539
2537 11870
2537 11871
2540 2541
2540 2542
2541 2542
2549 2550
2549 2551
2550 2551
2561 2563
2561 7449
2564 1678
2564 2565
2564 2566
2564 2567
2565 1678
2565 2566
2565 2567
2566 1678
2566 2567
2567 1678
2576 3947
2608 8613
2614 2615
2615 1873
2621 2622
2621 2623
2621 2624
2622 2623
2622 2624
2623 2624
2647 7894
2658 2659
2658 2660
2658 2661
2659 2660
2659 2661
2660 2661
2662 410
2662 540
2662 2245
2662 2663
2665 12398
2704 9821
2704 13638
2705 2706
2705 2707
2705 2708
2705 2709
2706 2707
2706 2708
2706 2709
2707 2708
2707 2709
2708 2709
2716 361
2716 6752
2716 7034
2716 12065
2727 13842
2729 1451
2731 3069
2731 3070
2731 5976
2731 7751
2731 7752
2731 7753
2731 7754
2731 7755
2731 7756
2731 7757
2741 3081
2741 7133
2745 98
2745 2993
2774 8864
2774 9402
2774 9403
2782 2783
2782 2784
2783 2784
2790 2791
2790 2792
2791 2792
2798 1369
2798 2031
2798 2145
2798 2799
2799 2031
2799 2145
2807 874
2807 1208
2807 2808
2807 2809
2807 2810
2808 874
2808 1208
2808 2809
2808 2810
2809 874
2809 1208
2809 2810
2810 874
2810 1208
2823 10213
2823 10214
2846 2847
2846 2848
2846 2849
2847 2848
2847 2849
2848 2849
2852 2853
2852 2854
2852 2855
2853 2854
2853 2855
2854 2855
2872 1666
2872 2873
2872 2874
2873 1666
2873 2874
2875 2876
2875 2877
2876 2877
2897 2898
2897 2899
2898 2899
2921 2922
2921 2923
2922 2923
2951 2952
2951 2953
2951 2954
2952 2953
2952 2954
2953 2954
2954 6362
2954 11979
2962 212
2963 11252
2963 13388
2976 1171
2976 1173
2976 1174
2976 3983
2976 4098
2982 2983
2984 2985
2989 2991
2989 4694
2989 4695
2997 3507
2997 7783
2997 7784
3002 6739
3007 3008
3007 3009
3008 3009
3014 3015
3015 5145
3016 1109
3016 3017
3025 1873
3035 863
3035 3036
3036 863
3039 3040
3039 3041
3039 3042
3039 3043
3039 3044
3040 3041
3040 3042
3040 3043
3040 3044
3041 3042
3041 3043
3041 3044
3042 3043
3042 3044
3043 3044
3061 212
3061 2962
3061 3062
3061 3063
3061 3064
3062 212
3062 2962
3062 3063
3062 3064
3063 212
3063 2962
3063 3064
3064 212
3064 2962
3069 3070
3069 5976
3069 7751
3069 7752
3069 7753
3069 7754
3069 7755
3069 7756
3069 7757
3070 7752
3070 7753
3070 7754
3070 7755
3070 7756
3070 7757
3072 9301
3072 13279
3072 13280
3072 13281
3077 5802
3077 5803
3077 5804
3081 7133
3084 1099
3084 2741
3084 3081
3084 3085
3084 7133
3084 11785
3085 2741
3085 3081
3085 7133
3097 6873
3098 7134
3098 7135
3107 3108
3107 3109
3107 3110
3108 3109
3108 3110
3109 3110
3111 3112
3111 3113
3112 3113
3123 3124
3127 361
3127 1215
3127 3128
3127 10873
3127 10874
3128 361
3144 7578
3144 7863
3144 11913
3144 11914
3158 125
3158 3161
3159 3300
3159 3301
3159 3302
3159 3303
3159 3304
3161 125
3184 57
3184 1470
3185 2059
3185 13838
3185 13839
3218 287
3218 3219
3219 287
3219 858
3219 11415
3219 11416
3219 11417
3222 3223
3224 1520
3224 3225
3224 3226
3224 3227
3224 3228
3225 1520
3225 3226
3225 3227
3225 3228
3226 1520
3226 3227
3226 3228
3227 1520
3227 3228
3228 1520
3236 3237
3241 3242
3241 3243
3241 3244
3242 3243
3242 3244
3243 3244
3251 1441
3251 3252
3280 12608
3296 11929
3296 11930
3298 3159
3298 3299
3298 3300
3298 3301
3298 3302
3298 3303
3298 3304
3298 7818
3299 3159
3299 3300
3299 3301
3299 3302
3299 3303
3299 3304
3300 3301
3300 3302
3300 3303
3300 3304
3301 3302
3301 3303
3301 3304
3301 7818
3302 1174
3302 3303
3302 3304
3302 3982
3302 3983
3302 3984
3303 3304
3304 12397
3327 3328
3327 3329
3328 3329
3328 9977
3335 3336
3335 3337
3335 3338
3336 3337
3336 3338
3337 3338
3338 3396
3338 5079
3338 8230
3350 3351
3350 3352
3351 3352
3357 3358
3357 3359
3357 3360
3357 3361
3357 3362
3358 3359
3358 3360
3358 3361
3358 3362
3359 3360
3359 3361
3359 3362
3360 3361
3360 3362
3360 11343
3360 11344
3360 13416
3361 3362
3371 3372
3371 3373
3371 3374
3372 3373
3372 3374
3373 3374
3375 3223
3376 1600
3376 3377
3376 3378
3377 1600
3377 3378
3378 1600
3387 699
3387 2470
3387 4424
3390 3391
3390 3392
3391 3392
3400 2072
3400 6689
3400 6690
3400 6691
3400 6692
3400 6693
3400 6694
3402 2346
3403 3404
3428 71
3428 3429
3429 71
3448 3449
3482 1172
3482 1173
3482 1174
3488 13652
3488 13653
3488 13654
3490 3491
3490 3492
3490 3493
3490 3494
3490 3495
3490 3496
3490 3497
3490 3498
3490 3499
3491 3492
3491 3493
3491 3494
3491 3495
3491 3496
3491 3497
3491 3498
3491 3499
3492 3493
3492 3494
3492 3495
3492 3496
3492 3497
3492 3498
3492 3499
3493 3494
3493 3495
3493 3496
3493 3497
3493 3498
3493 3499
3494 3495
3494 3496
3494 3497
3494 3498
3494 3499
3495 3496
3495 3497
3495 3498
3495 3499
3496 3497
3496 3498
3496 3499
3497 3498
3497 3499
3498 3499
3507 7783
3507 7784
3518 3519
3518 3520
3518 3521
3519 3520
3519 3521
3520 3521
3522 3523
3527 103
3527 929
3527 932
3527 3613
3527 5103
3537 3097
3537 6872
3537 6873
3540 3541
3548 902
3548 2325
3548 3549
3548 3550
3549 2325
3549 3550
3550 2325
3611 2136
3612 103
3612 929
3612 932
3612 3527
3612 3613
3613 103
3613 929
3613 932
3613 5103
3624 1992
3624 11729
3624 11730
3643 3644
3643 3645
3644 3645
3646 607
3646 1018
3646 2454
3660 3691
3660 4197
3664 3665
3664 3666
3665 3666
3665 7011
3665 7012
3665 7013
3667 334
3667 2743
3670 3671
3680 3681
3680 3682
3681 3682
3691 4313
3691 4734
3691 4735
3691 4736
3691 4737
3699 3700
3699 3701
3700 3701
3722 1947
3722 7000
3743 387
3743 3744
3744 387
3751 13577
3752 4837
3752 5701
3752 8064
3757 3758
3757 3759
3757 3760
3758 3759
3758 3760
3759 3760
3761 1158
3761 3762
3761 3763
3762 1158
3762 3763
3763 1158
3769 3770
3775 3776
3775 3777
3775 3778
3775 3779
3775 3780
3776 3777
3776 3778
3776 3779
3776 3780
3777 3778
3777 3779
3777 3780
3778 3779
3778 3780
3779 3780
3803 1068
3803 3804
3803 3805
3803 3806
3804 1068
3804 3805
3804 3806
3805 1068
3805 3806
3806 1068
3809 3810
3809 3811
3809 3812
3810 3811
3810 3812
3811 3812
3824 12589
3853 1754
3853 10999
3855 2473
3855 6219
3857 1451
3857 1452
3857 2362
3864 8905
3864 8906
3868 3869
3868 3870
3869 3870
3876 3877
3876 3878
3876 3879
3877 3878
3877 3879
3878 3879
3890 212
3890 2195
3890 3062
3890 3063
3890 3891
3891 212
3891 2195
3891 3062
3891 3063
3907 7346
3907 12684
3909 3910
3913 2460
3913 3914
3913 3915
3913 3916
3914 2460
3914 3915
3914 3916
3915 2460
3915 3916
3916 2460
3922 3923
3926 3927
3926 3928
3926 3929
3926 3930
3926 3931
3926 3932
3926 3933
3927 3928
3927 3929
3927 3930
3927 3931
3927 3932
3927 3933
3928 3929
3928 3930
3928 3931
3928 3932
3928 3933
3929 3930
3929 3931
3929 3932
3929 3933
3930 3931
3930 3932
3930 3933
3931 3932
3931 3933
3932 3933
3938 1113
3938 12312
3940 2325
3940 2576
3940 3942
3940 3943
3940 3944
3940 3947
3940 10940
3942 2325
3942 2576
3942 3943
3942 3944
3942 3947
3942 10940
3943 2325
3943 2576
3943 3944
3943 3947
3943 10940
3944 2325
3944 2576
3944 3947
3944 10940
3945 8449
3945 8862
3945 12986
3952 4344
3952 6414
3957 3097
3957 3537
3957 5294
3957 5399
3957 6872
3957 6873
3966 3280
3966 12608
3967 2196
3967 2197
3967 2515
3972 3396
3973 3974
3973 3975
3973 3976
3974 3975
3974 3976
3975 3976
3982 1174
3982 3983
3982 3984
3983 1173
3983 1174
3983 3984
3984 1174
3990 3991
3990 3992
3991 3992
3994 3998
3994 10852
3994 10853
3994 10854
3998 10852
3998 10853
3998 10854
3998 13056
4007 7311
4007 9906
4008 4009
4008 4010
4009 4010
4026 4027
4026 4028
4026 4029
4027 4028
4027 4029
4028 4029
4032 361
4032 4033
4032 4034
4033 361
4033 4034
4034 361
4038 7248
4048 4049
4048 4050
4048 4051
4049 4050
4049 4051
4050 4051
4056 4057
4058 4059
4073 4074
4073 4075
4074 4075
4079 3361
4079 4080
4079 4081
4080 3361
4080 4081
4081 3361
4087 4088
4087 4089
4088 4089
4092 3907
4098 1171
4098 1173
4098 1174
4098 3983
4102 7400
4105 4106
4105 4107
4105 4108
4105 4109
4106 4107
4106 4108
4106 4109
4107 4108
4107 4109
4108 4109
4110 4111
4110 4112
4110 4113
4110 4114
4110 4115
4110 4116
4111 4112
4111 4113
4111 4114
4111 4115
4111 4116
4112 4113
4112 4114
4112 4115
4112 4116
4113 4114
4113 4115
4113 4116
4114 4115
4114 4116
4115 4116
4125 4127
4125 10768
4126 4125
4126 4127
4126 10768
4127 10768
4138 4140
4138 9800
4138 9801
4140 4675
4140 9800
4140 9801
4156 929
4156 932
4156 4157
4156 4158
4157 929
4157 932
4157 4158
4158 11877
4159 10447
4159 10448
4180 1956
4180 4181
4180 4182
4181 1956
4181 4182
4191 4192
4191 4193
4192 4193
4195 3660
4195 3691
4195 4196
4195 4197
4196 3660
4196 3691
4196 4197
4197 3691
4222 4223
4222 4224
4222 4225
4222 4226
4223 4224
4223 4225
4223 4226
4224 4225
4224 4226
4225 4226
4227 3691
4239 4240
4244 1699
4244 1808
4244 2197
4278 905
4278 4279
4278 10142
4279 905
4279 13857
4287 1893
4287 4288
4287 4743
4287 8193
4287 8194
4288 8194
4306 6918
4313 4737
4345 4346
4345 9370
4354 4355
4354 4356
4355 4356
4366 1530
4366 4367
4367 1530
4368 1553
4368 1555
4368 1556
4369 4370
4369 4371
4369 4372
4369 4373
4369 4374
4369 4375
4369 4376
4369 4377
4369 4378
4369 4379
4369 4380
4370 4371
4370 4372
4370 4373
4370 4374
4370 4375
4370 4376
4370 4377
4370 4378
4370 4379
4370 4380
4371 4372
4371 4373
4371 4374
4371 4375
4371 4376
4371 4377
4371 4378
4371 4379
4371 4380
4372 4373
4372 4374
4372 4375
4372 4376
4372 4377
4372 4378
4372 4379
4372 4380
4373 4374
4373 4375
4373 4376
4373 4377
4373 4378
4373 4379
4373 4380
4374 4375
4374 4376
4374 4377
4374 4378
4374 4379
4374 4380
4375 4376
4375 4377
4375 4378
4375 4379
4375 4380
4376 4377
4376 4378
4376 4379
4376 4380
4377 4378
4377 4379
4377 4380
4378 4379
4378 4380
4379 4380
4383 9058
4383 9059
4391 4395
4422 708
4424 2470
4433 4434
4435 361
4435 4436
4435 4437
4436 361
4436 4437
4442 300
4443 4444
4447 4448
4447 4449
4447 4450
4448 4449
4448 4450
4449 4450
4453 699
4453 2470
4453 3387
4453 4424
4453 6999
4460 4705
4460 4706
4460 4707
4461 4462
4468 2721
4468 4470
4468 6633
4470 2721
4474 4475
4474 4476
4474 4477
4475 4476
4475 4477
4476 4477
4493 9676
4502 4503
4502 4504
4502 4505
4502 4506
4503 4504
4503 4505
4503 4506
4504 4505
4504 4506
4505 4506
4536 4537
4536 4538
4537 4538
4550 205
4550 207
4553 4554
4553 4555
4553 4556
4554 4555
4554 4556
4555 4556
4557 4558
4557 4559
4557 4560
4558 4559
4558 4560
4559 4560
4561 4562
4561 4563
4561 4564
4562 4563
4562 4564
4563 4564
4577 10951
4583 889
4583 4584
4583 4585
4583 4586
4583 4587
4583 4588
4583 4589
4583 9279
4583 9280
4583 9281
4584 889
4584 4585
4584 4586
4584 4587
4584 4588
4584 4589
4585 889
4585 4586
4585 4587
4585 4588
4585 4589
4586 889
4586 4587
4586 4588
4586 4589
4587 4588
4587 4589
4588 4589
4590 4081
4590 4591
4590 4592
4590 4593
4590 4594
4591 4081
4591 4592
4591 4593
4591 4594
4592 4081
4592 4593
4592 4594
4593 4081
4593 4594
4594 4081
4604 1254
4604 4605
4607 1955
4607 1956
4612 4613
4612 4614
4612 4615
4613 4614
4613 4615
4614 4615
4624 4625
4624 4626
4625 4626
4627 4628
4627 4629
4627 4630
4627 4631
4628 4629
4628 4630
4628 4631
4629 4630
4629 4631
4630 4631
4639 4640
4639 4641
4640 4641
4651 2031
4651 2799
4658 11374
4658 11375
4670 801
4670 802
4670 12373
4674 7294
4674 10777
4674 10778
4674 10779
4674 10780
4674 10781
4682 5716
4682 5718
4682 5719
4682 5720
4682 5721
4682 5722
4682 5723
4682 5724
4682 5725
4682 8014
4694 2991
4694 4695
4695 2991
4700 4701
4700 4702
4701 4702
4703 1799
4703 4038
4704 4460
4704 4705
4704 4706
4704 4707
4705 4706
4705 4707
4706 4707
4716 4715
4716 4717
4716 4970
4716 4971
4716 4972
4716 4973
4717 4715
4717 4973
4731 3691
4731 4313
4731 4732
4731 4733
4731 4734
4731 4735
4731 4736
4731 4737
4732 3691
4732 4313
4732 4733
4732 4734
4732 4735
4732 4736
4732 4737
4733 3691
4733 4313
4733 4734
4733 4735
4733 4736
4733 4737
4734 4313
4734 4735
4734 4736
4734 4737
4735 4313
4735 4736
4735 4737
4736 4313
4736 4737
4738 3739
4738 5683
4740 615
4743 1592
4743 4288
4743 8193
4743 8194
4747 4748
4747 4749
4748 4749
4753 4279
4753 4755
4753 13857
4755 4279
4755 13857
4812 433
4812 6872
4826 2477
4826 4827
4826 4828
4826 4829
4827 2477
4827 4828
4827 4829
4828 2477
4828 4829
4829 9559
4837 8064
4839 4841
4839 6489
4848 4849
4848 4850
4848 4851
4848 4852
4849 1818
4849 4850
4849 4851
4849 4852
4849 8734
4850 4851
4850 4852
4851 4852
4870 3611
4870 5530
4870 8651
4874 234
4888 4287
4888 4889
4888 4890
4888 4891
4888 4892
4889 4287
4889 4890
4889 4891
4889 4892
4890 4287
4890 4891
4890 4892
4891 4287
4891 4892
4892 4287
4893 4894
4893 4895
4894 4895
4899 4900
4899 4901
4899 4902
4899 4903
4899 4904
4899 4905
4899 4906
4900 4901
4900 4902
4900 4903
4900 4904
4900 4905
4900 4906
4901 4902
4901 4903
4901 4904
4901 4905
4901 4906
4902 4903
4902 4904
4902 4905
4902 4906
4903 4904
4903 4905
4903 4906
4904 4905
4904 4906
4905 4906
4919 1639
4919 4920
4919 4921
4920 1639
4920 4921
4927 4928
4934 3879
4934 4935
4935 2474
4935 3879
4935 5659
4947 1246
4947 4948
4947 4949
4948 1246
4948 4949
4957 42
4957 387
4968 4715
4968 4716
4968 4717
4968 4969
4968 4970
4968 4971
4968 4972
4968 4973
4969 4715
4969 4716
4969 4717
4969 4970
4969 4971
4969 4972
4969 4973
4970 4715
4970 4717
4970 4971
4970 4972
4970 4973
4971 4715
4971 4717
4971 4972
4971 4973
4972 4715
4972 4717
4972 4973
4973 4715
4974 4975
4974 4976
4975 4976
4988 10165
4988 10166
4988 10167
4988 10168
4998 616
4998 8381
5001 616
5003 616
5003 2435
5003 5001
5003 7351
5029 287
5029 778
5029 12648
5036 5037
5039 5785
5039 7499
5039 10927
5039 11030
5039 11031
5039 11032
5048 836
5050 1751
5050 5051
5050 5052
5050 5053
5051 1751
5051 5052
5051 5053
5052 1751
5052 5053
5059 361
5059 5060
5060 361
5071 5069
5075 5076
5079 3396
5092 2031
5092 2799
5092 4651
5097 64
5098 2468
5098 5099
5098 5100
5098 5101
5098 5102
5098 5103
5098 5104
5098 10267
5098 10520
5098 10521
5098 10522
5099 5100
5099 5101
5099 5102
5099 5103
5099 5104
5100 5101
5100 5102
5100 5103
5100 5104
5101 475
5101 2468
5101 5102
5101 5103
5101 5104
5101 5623
5101 10267
5101 10520
5101 10521
5101 10522
5102 932
5102 3527
5102 3613
5102 5103
5102 5104
5102 13367
5103 932
5103 5104
5105 313
5105 5106
5105 5107
5106 313
5106 5107
5107 313
5108 618
5108 621
5109 5110
5111 4086
5113 9549
5135 78
5144 3015
5144 5145
5175 5176
5175 5177
5176 5177
5196 2474
5196 5197
5196 5198
5197 2474
5197 4278
5197 5198
5197 5493
5197 5494
5197 10141
5197 10142
5199 1980
5200 1030
5200 5201
5201 1030
5206 2954
5206 5207
5206 11979
5206 13985
5206 13986
5207 2954
5207 11979
5207 13985
5207 13986
5212 448
5212 2136
5212 3611
5212 5213
5212 12601
5220 5221
5228 5229
5228 5230
5228 5231
5229 5230
5229 5231
5230 5231
5234 7488
5234 7489
5234 7490
5234 7491
5258 38
5258 5259
5258 5260
5259 38
5259 5260
5260 361
5260 398
5260 399
5269 5270
5269 5271
5269 5272
5269 5273
5269 5274
5270 5271
5270 5272
5270 5273
5270 5274
5271 5272
5271 5273
5271 5274
5272 5273
5272 5274
5273 5274
5312 4984
5312 5313
5312 5314
5312 5315
5313 4984
5313 5314
5313 5315
5314 4984
5314 5315
5315 4984
5339 5340
5339 5341
5339 5342
5339 5343
5340 5341
5340 5342
5340 5343
5341 5342
5341 5343
5342 5343
5357 6483
5357 7093
5357 12403
5357 13140
5357 13141
5371 2991
5371 14249
5407 5408
5407 5409
5408 5409
5416 1931
5416 5620
5416 5841
5417 1931
5417 5416
5417 5620
5417 5841
5420 8036
5423 2741
5423 3081
5423 3084
5423 3085
5423 7133
5429 5430
5431 5432
5431 5433
5431 5434
5432 5433
5432 5434
5433 5434
5440 1645
5440 5441
5441 1645
5442 5443
5442 5444
5443 5444
5444 1099
5444 2188
5444 3084
5444 11785
5453 3331
5453 5454
5453 5455
5454 3331
5454 5455
5455 3331
5460 791
5460 5461
5460 5462
5460 5463
5460 5464
5460 5465
5461 5462
5461 5463
5461 5464
5461 5465
5462 5463
5462 5464
5462 5465
5463 5464
5463 5465
5464 5465
5479 5480
5479 5481
5479 5482
5479 5483
5480 5481
5480 5482
5480 5483
5481 5482
5481 5483
5482 5483
5484 5485
5486 4966
5486 8109
5486 8110
5487 4966
5487 5486
5487 8109
5487 8110
5488 5489
5488 5490
5489 5490
5491 5197
5491 5492
5491 5493
5491 5494
5492 5197
5492 5493
5492 5494
5493 5494
5507 3072
5521 5294
5530 3611
5533 5430
5535 5536
5535 11473
5535 11474
5542 5543
5542 5544
5542 5545
5543 5544
5543 5545
5544 5545
5564 2112
5564 7261
5564 7262
5564 7263
5564 7264
5585 1820
5585 1873
5585 5586
5585 5587
5585 5588
5586 1820
5586 5587
5586 5588
5587 5588
5590 7514
5590 7515
5607 13354
5614 5615
5618 1931
5618 5416
5618 5417
5618 5619
5618 5620
5618 5841
5619 1931
5619 5416
5619 5417
5619 5620
5619 5841
5621 5622
5621 5623
5621 5624
5622 5623
5622 5624
5623 475
5623 2468
5623 5624
5624 8612
5625 234
5627 7203
5628 5072
5628 5629
5628 5630
5628 5631
5629 5072
5629 5630
5629 5631
5630 5072
5630 5631
5631 5072
5634 5636
5634 10306
5638 1101
5638 1980
5643 5076
5643 5644
5644 5076
5651 5652
5654 5655
5654 5656
5655 5656
5657 1089
5657 2474
5657 4935
5657 5658
5657 5659
5658 1082
5658 1089
5658 2474
5658 4935
5658 5659
5658 9518
5658 11304
5664 5665
5664 5666
5664 5667
5665 5666
5665 5667
5666 5667
5681 1321
5681 5682
5681 5683
5681 5684
5682 1321
5682 5683
5682 5684
5683 1321
5683 3739
5683 5684
5684 1321
5685 928
5685 929
5685 932
5685 2035
5685 5686
5685 5687
5685 5688
5686 928
5686 929
5686 932
5686 2035
5686 5687
5686 5688
5686 9729
5687 932
5687 2035
5687 5688
5688 932
5688 2035
5689 1151
5689 1156
5689 5690
5690 1151
5690 1156
5691 4890
5698 5699
5698 5700
5698 5701
5698 5702
5698 5703
5699 5700
5699 5701
5699 5702
5699 5703
5700 5701
5700 5702
5700 5703
5701 5702
5701 5703
5702 5703
5712 4437
5716 5717
5716 5718
5716 5719
5716 5720
5716 5721
5716 5722
5716 5723
5716 5724
5716 5725
5716 8014
5717 4682
5717 5718
5717 5719
5717 5720
5717 5721
5717 5722
5717 5723
5717 5724
5717 5725
5718 5719
5718 5720
5718 5721
5718 5722
5718 5723
5718 5724
5718 5725
5719 5720
5719 5721
5719 5722
5719 5723
5719 5724
5719 5725
5720 5721
5720 5722
5720 5723
5720 5724
5720 5725
5721 5722
5721 5723
5721 5724
5721 5725
5722 5723
5722 5724
5722 5725
5723 5724
5723 5725
5724 5725
5730 475
5730 2468
5730 5101
5730 5623
5730 13437
5733 5734
5733 5735
5734 5735
5755 4306
5755 6918
5770 5771
5770 5772
5770 5773
5771 5772
5771 5773
5772 5773
5785 5786
5785 10927
5785 11032
5786 5039
5800 3077
5800 5801
5800 5802
5800 5803
5800 5804
5801 3077
5801 5802
5801 5803
5801 5804
5802 5803
5802 5804
5803 5804
5823 7390
5823 12472
5826 705
5826 708
5826 4422
5830 9424
5830 9791
5830 9792
5832 2179
5832 2886
5832 8081
5857 5858
5857 5859
5857 5860
5857 5861
5858 5859
5858 5860
5858 5861
5859 5860
5859 5861
5860 5861
5862 1213
5862 2186
5862 11910
5866 768
5866 769
5866 1716
5869 1236
5869 1238
5869 5870
5869 5871
5870 1236
5870 1238
5870 5871
5871 1236
5871 1238
5895 433
5895 5896
5900 1757
5900 5901
5900 5902
5900 5903
5901 1757
5901 5902
5901 5903
5902 1757
5902 5903
5903 1757
5927 5928
5927 5929
5928 5929
5933 5934
5933 5935
5933 5936
5933 5937
5934 5935
5934 5936
5934 5937
5935 5936
5935 5937
5936 5937
5940 5941
5940 5942
5941 5942
5948 5949
5948 5950
5949 5950
5951 5952
5951 5953
5951 5954
5951 5955
5952 5953
5952 5954
5952 5955
5953 5954
5953 5955
5954 5955
5959 5960
5959 5961
5959 5962
5959 5963
5959 5964
5960 5961
5960 5962
5960 5963
5960 5964
5961 5962
5961 5963
5961 5964
5962 5963
5962 5964
5963 5964
5976 3070
5976 7751
5976 7752
5976 7753
5976 7754
5976 7755
5976 7756
5976 7757
5977 1167
5977 5978
6005 6006
6005 6007
6006 6007
6018 148
6018 6019
6019 148
6027 7535
6027 9439
6027 9440
6040 4437
6040 5712
6047 4102
6047 7400
6047 9429
6063 717
6063 6064
6063 6065
6064 717
6064 6065
6065 717
6066 9875
6066 11559
6111 13165
6111 13166
6111 13167
6116 6117
6116 6118
6117 6118
6151 1284
6151 1286
6151 6152
6151 6153
6151 6154
6151 10155
6152 1286
6152 6153
6152 6154
6153 6154
6155 6156
6155 6157
6156 6157
6162 1637
6162 6163
6162 6164
6163 1637
6163 6164
6164 1637
6172 788
6172 5295
6172 6173
6173 788
6173 5295
6174 6175
6174 6176
6174 6177
6175 6176
6175 6177
6176 6177
6191 6192
6191 6193
6191 6194
6191 6195
6191 6196
6192 6193
6192 6194
6192 6195
6192 6196
6193 6194
6193 6195
6193 6196
6194 6195
6194 6196
6195 6196
6219 2473
6225 2033
6225 2227
6225 5072
6225 6226
6225 6227
6226 2227
6226 5072
6226 6227
6227 2227
6227 5072
6231 6232
6231 6233
6231 6234
6232 6233
6232 6234
6233 6234
6248 1068
6249 2102
6249 6250
6250 2102
6251 6252
6251 6253
6252 6253
6261 1099
6261 2188
6261 3084
6261 5444
6261 11784
6261 11785
6262 1099
6262 2188
6262 3084
6262 5444
6262 6261
6262 11784
6262 11785
6278 387
6278 6279
6278 6280
6278 6281
6279 387
6279 6280
6279 6281
6280 387
6280 6281
6281 387
6315 4611
6315 6316
6316 4611
6327 6328
6327 6329
6328 6329
6360 2954
6360 6361
6360 6362
6360 13352
6360 13353
6361 2954
6361 6362
6361 13352
6361 13353
6375 1135
6375 1138
6382 5430
6382 5533
6388 172
6388 3752
6388 5701
6411 1089
6411 4935
6411 5658
6411 9518
6414 4344
6420 6423
6420 12294
6420 12295
6425 6426
6425 6427
6426 6427
6438 6439
6438 6440
6439 6440
6442 6443
6452 4671
6462 6463
6462 6464
6462 6465
6463 6464
6463 6465
6464 6465
6465 11611
6469 6470
6469 6471
6470 6471
6472 5385
6472 6473
6472 6474
6473 5385
6473 6474
6474 5385
6483 7093
6483 12403
6489 4841
6492 6493
6492 6494
6493 6494
6495 6496
6502 6503
6503 1519
6506 2243
6506 12085
6506 12086
6521 7804
6522 6521
6522 7804
6531 489
6531 6532
6531 6533
6532 489
6532 6533
6534 1873
6534 6535
6556 6557
6556 6558
6557 6558
6566 13199
6566 13200
6569 5676
6569 6570
6569 6571
6569 6572
6570 5676
6570 6571
6570 6572
6571 5676
6571 6572
6572 5676
6578 6579
6578 6580
6579 6580
6588 3752
6612 6613
6621 6622
6621 6623
6622 6623
6633 2721
6633 4470
6640 13688
6645 3463
6645 6648
6646 3463
6646 6645
6646 6648
6648 3463
6659 6660
6659 9055
6659 9056
6659 9057
6660 9056
6660 9057
6661 6662
6661 6663
6662 6663
6674 6675
6684 6685
6686 2072
6686 2074
6686 3400
6686 6687
6686 6688
6686 6689
6686 6690
6686 6691
6686 6692
6686 6693
6686 6694
6687 2072
6687 2074
6687 3400
6687 6688
6687 6689
6687 6690
6687 6691
6687 6692
6687 6693
6687 6694
6688 2072
6688 2074
6688 3400
6688 6689
6688 6690
6688 6691
6688 6692
6688 6693
6688 6694
6689 2072
6689 6690
6689 6691
6689 6692
6689 6693
6689 6694
6690 2072
6690 6691
6690 6692
6690 6693
6690 6694
6691 2072
6691 6692
6691 6693
6691 6694
6692 2072
6692 6693
6692 6694
6693 2072
6693 6694
6700 6701
6714 6715
6725 1956
6738 1736
6738 6739
6739 1736
6752 7034
6752 12065
6753 2509
6753 2512
6753 2515
6753 4853
6753 6754
6754 2515
6754 4853
6778 6779
6778 6780
6778 6781
6779 6780
6779 6781
6780 6781
6782 6783
6787 725
6787 792
6787 6788
6787 6789
6787 6790
6787 6791
6787 6792
6787 6793
6787 6794
6787 6795
6787 6796
6787 6797
6787 6798
6787 6799
6788 725
6788 792
6788 6789
6788 6790
6788 6791
6788 6792
6788 6793
6788 6794
6788 6795
6788 6796
6788 6797
6788 6798
6788 6799
6789 725
6789 792
6789 6790
6789 6791
6789 6792
6789 6793
6789 6794
6789 6795
6789 6796
6789 6797
6789 6798
6789 6799
6790 725
6790 792
6790 6791
6790 6792
6790 6793
6790 6794
6790 6795
6790 6796
6790 6797
6790 6798
6790 6799
6791 725
6791 792
6791 6792
6791 6793
6791 6794
6791 6795
6791 6796
6791 6797
6791 6798
6791 6799
6792 725
6792 6793
6792 6794
6792 6795
6792 6796
6792 6797
6792 6798
6792 6799
6793 6794
6793 6795
6793 6796
6793 6797
6793 6798
6793 6799
6794 6795
6794 6796
6794 6797
6794 6798
6794 6799
6795 6796
6795 6797
6795 6798
6795 6799
6796 6797
6796 6798
6796 6799
6797 6798
6797 6799
6798 6799
6810 1294
6810 2050
6810 6811
6811 1294
6826 6827
6826 6828
6827 6828
6836 3298
6836 3301
6836 7817
6836 7818
6857 3097
6857 3537
6857 3957
6857 5399
6857 6870
6857 6871
6857 6872
6857 6873
6869 13232
6870 3097
6870 3537
6870 3957
6870 6871
6870 6872
6870 6873
6871 3097
6871 3537
6871 3957
6871 6872
6871 6873
6872 433
6872 3097
6872 6873
6905 10975
6905 10976
6905 10977
6905 10978
6905 10979
6913 148
6931 615
6931 4740
6951 2355
6971 6972
6971 6973
6971 6974
6971 6975
6971 6976
6971 6977
6972 6973
6972 6974
6972 6975
6972 6976
6972 6977
6973 6974
6973 6975
6973 6976
6973 6977
6974 6975
6974 6976
6974 6977
6975 6976
6975 6977
6976 6977
6982 6983
6982 6984
6982 6985
6982 6986
6983 6984
6983 6985
6983 6986
6984 6985
6984 6986
6985 6986
6987 2354
6993 6994
6993 6995
6994 6995
6998 699
6998 2465
6998 2470
6998 3387
6998 4424
6998 4453
6998 6999
6999 699
6999 2470
6999 3387
6999 4424
7011 7012
7011 7013
7012 7013
7031 361
7031 2716
7031 6752
7031 7034
7031 12065
7034 12065
7036 7037
7038 2224
7038 7039
7039 2224
7040 7041
7040 7042
7041 7042
7051 4674
7051 7294
7051 7326
7051 10777
7051 10778
7051 10779
7051 10780
7051 10781
7072 7073
7072 7074
7072 7075
7073 7074
7073 7075
7074 7075
7083 7084
7091 7092
7091 7093
7091 7094
7092 7093
7092 7094
7092 8864
7092 8865
7093 7094
7093 12403
7115 524
7115 525
7115 7116
7116 524
7116 525
7120 64
7120 1171
7120 5097
7120 7210
7134 7135
7136 7137
7136 7138
7136 7139
7137 7138
7137 7139
7138 7139
7166 767
7166 768
7166 769
7166 1716
7166 5866
7179 7180
7179 7181
7179 7182
7180 7181
7180 7182
7181 7182
7185 7186
7185 7187
7185 7188
7185 7189
7185 7190
7186 7187
7186 7188
7186 7189
7186 7190
7187 7188
7187 7189
7187 7190
7188 7189
7188 7190
7189 7190
7200 7201
7202 165
7202 5627
7202 7203
7202 11598
7204 1661
7204 7205
7204 7206
7205 1661
7205 7206
7210 64
7210 5097
7211 7212
7211 7213
7211 7214
7212 7213
7212 7214
7213 7214
7224 7225
7224 7226
7225 7226
7235 7236
7235 7237
7235 7238
7236 7237
7236 7238
7237 7238
7247 2243
7249 361
7249 1215
7249 3127
7249 3128
7249 7250
7250 361
7250 1215
7250 3127
7250 3128
7251 1840
7251 7252
7251 7253
7251 7254
7252 7253
7252 7254
7253 7254
7254 1238
7254 7836
7254 10473
7254 10474
7261 2112
7261 7262
7261 7263
7261 7264
7262 2112
7262 7263
7262 7264
7263 2112
7263 7264
7264 2112
7265 7266
7265 7267
7265 7268
7266 7267
7266 7268
7267 7268
7294 10781
7308 379
7308 2080
7326 4674
7326 7294
7326 10777
7326 10778
7326 10779
7326 10780
7326 10781
7333 1808
7342 7343
7348 1779
7351 616
7351 2435
7351 5001
7359 12184
7360 7359
7360 12184
7386 1078
7386 1080
7386 1082
7386 7387
7390 12472
7398 4102
7398 6047
7398 7399
7398 7400
7398 9429
7399 4102
7399 6047
7399 7400
7399 9429
7410 7411
7410 7412
7410 7413
7411 7412
7411 7413
7412 7413
7448 2561
7448 2563
7448 7449
7449 2563
7454 7455
7454 7456
7454 7457
7454 7458
7455 7456
7455 7457
7455 7458
7456 7457
7456 7458
7457 7458
7469 1956
7469 6725
7469 7470
7470 1956
7470 6725
7478 1519
7478 6503
7478 7479
7479 1519
7479 6503
7485 1623
7485 7486
7486 1623
7486 9953
7486 13835
7486 13836
7486 13837
7488 7489
7488 7490
7488 7491
7489 7490
7489 7491
7490 7491
7495 4446
7498 533
7499 5785
7499 10927
7499 11030
7499 11031
7499 11032
7509 682
7509 683
7514 7515
7535 9440
7553 7123
7553 7554
7553 7555
7553 13893
7553 13894
7553 13895
7554 7123
7554 7555
7555 7123
7559 7560
7559 7561
7560 7561
7567 3038
7574 1956
7574 7575
7575 1956
7578 7863
7578 11913
7578 11914
7610 7611
7610 7612
7610 7613
7611 7612
7611 7613
7612 7613
7640 5097
7640 12331
7650 1193
7650 7651
7650 7652
7650 7653
7650 7654
7650 7655
7650 7656
7651 1193
7651 7652
7651 7653
7651 7654
7651 7655
7651 7656
7652 7653
7652 7654
7652 7655
7652 7656
7653 7654
7653 7655
7653 7656
7654 7655
7654 7656
7655 7656
7691 7692
7691 7693
7691 7694
7691 7695
7692 7693
7692 7694
7692 7695
7693 7694
7693 7695
7694 7695
7696 652
7697 7915
7697 11095
7697 11096
7697 11097
7706 12934
7706 12935
7707 7708
7707 7709
7707 7710
7708 7709
7708 7710
7709 7710
7738 3488
7738 7739
7739 3488
7741 7742
7751 3070
7751 7752
7751 7753
7751 7754
7751 7755
7751 7756
7751 7757
7752 7753
7752 7754
7752 7755
7752 7756
7752 7757
7753 7754
7753 7755
7753 7756
7753 7757
7754 7755
7754 7756
7754 7757
7755 7756
7755 7757
7756 7757
7783 7784
7791 4193
7791 12592
7792 1992
7805 7806
7807 7808
7807 7809
7808 7809
7809 8028
7816 3298
7816 3301
7816 6836
7816 7817
7816 7818
7817 3298
7817 3301
7817 7818
7828 5396
7828 7829
7828 7830
7829 5396
7829 7830
7830 5396
7835 7254
7835 7836
7850 710
7850 2355
7850 6951
7850 7851
7850 7852
7850 7853
7851 710
7851 2355
7851 6951
7851 7852
7851 7853
7852 2355
7852 6951
7852 7853
7853 2355
7853 6951
7856 7857
7856 7858
7856 7859
7856 7860
7856 7861
7857 7858
7857 7859
7857 7860
7857 7861
7858 7859
7858 7860
7858 7861
7859 7860
7859 7861
7860 7861
7863 11913
7863 11914
7879 7880
7884 6164
7884 12716
7884 13339
7890 198
7890 7891
7890 7892
7891 198
7891 7892
7892 198
7893 7894
7903 6752
7903 7905
7903 11677
7905 6752
7909 9435
7909 9436
7909 9437
7910 7911
7910 7912
7910 7913
7911 7912
7911 7913
7912 7913
7915 11095
7915 11096
7915 11097
7924 7925
7924 7926
7925 7926
7937 7938
7937 7939
7938 7939
7944 7945
7944 7946
7945 7946
7947 1625
7947 7948
7948 1625
7953 1069
7953 7954
7954 1069
7954 9053
7963 1238
7963 14170
7963 14171
7973 7974
7979 777
7979 7980
7980 2136
7980 5416
7980 8490
8012 4682
8012 5716
8012 8013
8012 8014
8013 4682
8013 5716
8013 8014
8027 7809
8027 8028
8053 2059
8053 3185
8063 431
8063 1820
8063 8064
8063 8065
8063 8066
8064 431
8064 8065
8064 8066
8065 431
8065 1820
8065 1873
8065 3752
8065 4837
8065 8066
8066 431
8066 1820
8070 1556
8075 3547
8075 8076
8075 8077
8075 8078
8075 8079
8075 8080
8076 3547
8076 8077
8076 8078
8076 8079
8076 8080
8077 3547
8077 8078
8077 8079
8077 8080
8078 3547
8078 8079
8078 8080
8079 3547
8079 8080
8080 3547
8081 2886
8104 2372
8104 6872
8109 4966
8109 8110
8110 4966
8113 383
8113 858
8113 2186
8113 5113
8113 8115
8113 9444
8113 9549
8115 383
8115 858
8115 2186
8117 138
8117 212
8117 1179
8117 7359
8117 7360
8117 12184
8122 668
8150 1815
8150 1818
8150 8151
8150 8152
8150 8153
8150 8154
8151 1815
8151 1818
8151 8152
8151 8153
8151 8154
8152 1815
8152 1818
8152 8153
8152 8154
8153 1815
8153 1818
8153 8154
8154 1818
8164 316
8164 317
8164 8165
8165 316
8165 317
8185 8186
8187 1592
8187 1892
8187 4287
8187 4288
8187 4743
8187 8188
8187 8189
8187 8190
8187 8191
8187 8192
8187 8193
8187 8194
8188 1592
8188 1892
8188 4287
8188 4288
8188 4743
8188 8189
8188 8190
8188 8191
8188 8192
8188 8193
8188 8194
8189 1592
8189 1892
8189 4287
8189 4288
8189 4743
8189 8190
8189 8191
8189 8192
8189 8193
8189 8194
8190 1592
8190 4287
8190 4288
8190 4743
8190 8191
8190 8192
8190 8193
8190 8194
8191 1592
8191 4287
8191 4288
8191 4743
8191 8192
8191 8193
8191 8194
8192 1592
8192 4287
8192 4288
8192 4743
8192 8193
8192 8194
8193 1592
8193 4288
8193 8194
8205 8206
8205 8207
8206 8207
8230 3396
8230 5079
8243 337
8243 2506
8243 8244
8245 8246
8256 1068
8256 1699
8256 8257
8257 1068
8257 1699
8258 8259
8258 8260
8259 8260
8261 3644
8261 8262
8261 8263
8261 8264
8262 3644
8262 8263
8262 8264
8263 3644
8263 8264
8264 3644
8265 1111
8265 1113
8280 3981
8281 8282
8296 8871
8322 8323
8322 8324
8323 8324
8343 8344
8343 8345
8344 8345
8349 8350
8349 8351
8350 8351
8381 616
8382 8383
8394 8395
8394 8396
8395 8396
8397 8398
8408 8409
8408 8410
8408 8411
8408 8412
8409 8410
8409 8411
8409 8412
8410 8411
8410 8412
8411 8412
8449 8862
8449 12986
8451 13289
8451 13290
8451 13291
8465 10898
8473 8475
8490 2136
8490 5416
8493 6555
8493 8494
8493 8495
8494 6555
8494 8495
8495 6555
8501 967
8501 8502
8510 7452
8510 8511
8511 7452
8512 8513
8530 8531
8538 8539
8566 8567
8566 8568
8566 8569
8566 8570
8567 8568
8567 8569
8567 8570
8568 8569
8568 8570
8569 8570
8595 404
8595 8597
8595 8878
8595 8879
8595 8880
8597 404
8597 8878
8607 5624
8607 8608
8607 8609
8607 8610
8607 8611
8607 8612
8608 5624
8608 8609
8608 8610
8608 8611
8608 8612
8609 5624
8609 8610
8609 8611
8609 8612
8610 5624
8610 8611
8610 8612
8611 5624
8611 8612
8617 8618
8617 8619
8617 8620
8618 8619
8618 8620
8619 8620
8633 1893
8633 4287
8633 4288
8644 8645
8651 3611
8651 5530
8660 8661
8660 8662
8661 8662
8682 1080
8682 1082
8682 8683
8682 8684
8683 1080
8683 1082
8683 8684
8684 1082
8685 8686
8685 8687
8686 8687
8688 8963
8689 8688
8689 8690
8689 8963
8690 8688
8690 8963
8693 158
8752 8753
8752 8754
8752 8755
8752 8756
8752 8757
8752 8758
8753 8754
8753 8755
8753 8756
8753 8757
8753 8758
8754 8755
8754 8756
8754 8757
8754 8758
8755 8756
8755 8757
8755 8758
8756 8757
8756 8758
8757 8758
8783 2033
8783 2035
8783 2102
8783 2227
8783 11469
8783 11470
8791 3115
8791 8792
8792 3115
8794 8795
8794 8796
8795 8796
8797 8798
8799 3957
8799 5294
8799 8800
8799 8801
8800 3957
8800 5294
8800 8801
8801 3957
8801 5294
8813 8814
8840 8841
8844 7884
8844 12716
8844 13339
8846 1034
8846 1036
8846 1992
8846 11077
8849 1873
8849 1876
8850 3922
8850 3923
8856 8857
8856 8858
8857 8858
8863 7092
8863 8864
8863 8865
8864 8865
8864 9402
8864 9403
8869 8296
8869 8870
8869 8871
8870 8296
8870 8871
8878 404
8878 8879
8878 8880
8879 404
8879 8597
8879 8880
8880 404
8880 8597
8905 8906
8907 8908
8934 8935
8934 8936
8934 8937
8934 8938
8934 8939
8935 8936
8935 8937
8935 8938
8935 8939
8936 8937
8936 8938
8936 8939
8937 8938
8937 8939
8938 8939
8946 8947
8962 8688
8962 8689
8962 8690
8962 8963
8967 8968
8986 8987
8995 8996
9048 9049
9055 6660
9055 9056
9055 9057
9056 9057
9058 9059
9071 1320
9071 9072
9072 1320
9098 8473
9098 8475
9099 9100
9099 9101
9099 9102
9099 9103
9100 9101
9100 9102
9100 9103
9101 9102
9101 9103
9102 9103
9109 1818
9109 4849
9109 8734
9109 9110
9109 9111
9109 9112
9110 1818
9110 4849
9110 8734
9110 9111
9110 9112
9111 1818
9111 4849
9111 8734
9111 9112
9112 1818
9112 4849
9112 8734
9119 3341
9126 10806
9126 10807
9126 12412
9141 9142
9141 9143
9141 9144
9141 9145
9142 9143
9142 9144
9142 9145
9143 9144
9143 9145
9144 9145
9146 2647
9146 7894
9154 9155
9154 9156
9154 9157
9154 9158
9155 9156
9155 9157
9155 9158
9156 9157
9156 9158
9157 9158
9179 1688
9179 1689
9179 10264
9217 3338
9217 3396
9217 5079
9217 8230
9217 9218
9217 9371
9217 10784
9218 3338
9218 3396
9218 5079
9218 8230
9218 9371
9218 10784
9227 4444
9227 9228
9228 4444
9269 313
9275 9191
9279 4588
9279 9280
9279 9281
9280 4588
9280 9281
9281 4588
9297 9298
9297 9299
9298 9299
9300 3072
9300 9301
9311 9312
9311 9313
9311 9314
9312 9313
9312 9314
9313 9314
9348 252
9348 9349
9348 9350
9349 9350
9350 1971
9350 12843
9366 9367
9366 9368
9366 9369
9367 9368
9367 9369
9368 9369
9370 4346
9371 3338
9371 3396
9371 5079
9371 8230
9375 9376
9375 9377
9376 9377
9387 9388
9387 9389
9387 9390
9388 9389
9388 9390
9389 9390
9401 591
9401 2774
9401 8864
9401 9402
9401 9403
9402 9403
9404 9405
9429 629
9429 1566
9429 4102
9429 6465
9429 7400
9429 9430
9429 9431
9429 11610
9429 11611
9430 1566
9430 9431
9431 1566
9435 9436
9435 9437
9436 9437
9438 6027
9438 7535
9438 9439
9438 9440
9439 7535
9439 9440
9441 9442
9443 383
9443 858
9443 2186
9443 8113
9443 8115
9443 9444
9444 383
9444 858
9444 2186
9444 8115
9445 9169
9445 9446
9446 9169
9466 5936
9466 9467
9467 5936
9494 1971
9494 9350
9494 9495
9495 1971
9495 9350
9496 1306
9496 9497
9496 9498
9496 9499
9496 9910
9496 12078
9497 9498
9497 9499
9498 9499
9518 1089
9518 4935
9525 9526
9558 4829
9558 9559
9560 21
9560 9561
9560 9562
9561 21
9561 9562
9562 21
9577 1111
9577 1113
9577 1114
9577 3938
9580 1082
9580 5658
9580 11302
9580 11303
9580 11304
9583 433
9583 9584
9584 433
9590 9592
9590 11236
9611 9612
9611 9613
9611 9614
9612 9613
9612 9614
9613 9614
9650 3626
9651 0
9651 1912
9651 1913
9701 2950
9706 25
9706 69
9706 9707
9706 9708
9706 10751
9706 12764
9707 25
9707 9708
9708 25
9718 9719
9718 9720
9718 9721
9718 9722
9718 9723
9718 9724
9719 9720
9719 9721
9719 9722
9719 9723
9719 9724
9720 9721
9720 9722
9720 9723
9720 9724
9721 9722
9721 9723
9721 9724
9722 9723
9722 9724
9723 9724
9728 5686
9728 9729
9759 9760
9759 9761
9759 9762
9760 9761
9760 9762
9761 9762
9787 9788
9787 9789
9788 9789
9790 5830
9790 9424
9790 9791
9790 9792
9791 9424
9791 9792
9792 9424
9798 4138
9798 4140
9798 9799
9798 9800
9798 9801
9799 4138
9799 4140
9799 9800
9799 9801
9800 9801
9817 9818
9817 9819
9818 9819
9820 2704
9820 9821
9820 13638
9826 9827
9826 9828
9827 9828
9833 2196
9833 3219
9834 9835
9849 4140
9849 4675
9867 2372
9867 6872
9867 8104
9870 9871
9870 9872
9871 9872
9873 9874
9873 9875
9874 9875
9875 11559
9896 1666
9896 2381
9896 9897
9896 9898
9897 1666
9897 2381
9897 9898
9897 11683
9897 11684
9897 11685
9897 11686
9898 1666
9898 2381
9898 3296
9898 11929
9898 11930
9905 4007
9905 7311
9905 9906
9906 7311
9909 9496
9909 9910
9930 9931
9930 9932
9930 9933
9931 9932
9931 9933
9932 9933
9948 9949
9948 9950
9948 9951
9949 9950
9949 9951
9950 9951
9952 1623
9952 7486
9952 9953
9952 13835
9952 13836
9952 13837
9953 13836
9953 13837
9968 9969
9975 3328
9975 9976
9975 9977
9976 3328
9976 9977
9985 9986
9985 9987
9985 9988
9985 9989
9985 9990
9985 9991
9986 9987
9986 9988
9986 9989
9986 9990
9986 9991
9987 9988
9987 9989
9987 9990
9987 9991
9988 9989
9988 9990
9988 9991
9989 9990
9989 9991
9990 9991
10027 3547
10027 8080
10027 10028
10027 10029
10028 3547
10028 8080
10028 10029
10029 3547
10029 8080
10095 791
10095 10096
10095 10097
10095 10098
10095 10099
10096 791
10096 10097
10096 10098
10096 10099
10097 791
10097 10098
10097 10099
10098 10099
10101 10767
10102 10103
10106 10107
10106 10108
10106 10109
10106 10110
10107 10108
10107 10109
10107 10110
10108 10109
10108 10110
10109 10110
10115 10116
10115 10117
10115 10118
10115 10119
10115 10120
10116 10117
10116 10118
10116 10119
10116 10120
10117 10118
10117 10119
10117 10120
10118 10119
10118 10120
10119 10120
10131 10132
10131 10133
10132 10133
10134 127
10134 128
10141 4278
10141 10142
10153 2175
10153 10154
10154 2175
10155 6153
10155 6154
10157 10577
10157 10578
10157 10579
10157 10580
10165 10166
10165 10167
10165 10168
10166 10167
10166 10168
10167 10168
10213 10214
10227 10228
10227 10229
10227 10230
10227 10231
10227 10232
10227 10233
10227 10234
10228 10229
10228 10230
10228 10231
10228 10232
10228 10233
10228 10234
10229 10230
10229 10231
10229 10232
10229 10233
10229 10234
10230 10231
10230 10232
10230 10233
10230 10234
10230 10686
10230 10687
10230 10688
10231 10232
10231 10233
10231 10234
10232 10233
10232 10234
10232 10685
10232 10686
10232 10687
10232 10688
10233 10234
10238 1661
10238 2950
10238 9701
10238 10239
10238 10240
10239 1661
10239 2950
10239 9701
10239 10240
10240 1661
10240 2950
10240 9701
10247 5932
10247 10248
10247 10249
10248 5932
10248 10249
10249 5932
10263 1688
10263 1689
10263 9179
10263 10264
10264 1688
10264 1689
10267 278
10267 1873
10267 2468
10267 10268
10267 10521
10267 10522
10267 10587
10268 1873
10268 10587
10270 10271
10270 10272
10270 10273
10271 10272
10271 10273
10272 10273
10306 5636
10335 10336
10335 10337
10336 10337
10340 2293
10348 10349
10353 2031
10353 10354
10354 2031
10355 1808
10355 2354
10355 10356
10356 2354
10367 10368
10367 10369
10368 10369
10380 1044
10380 10381
10380 10382
10381 1044
10381 10382
10382 1044
10387 1799
10387 3448
10387 3449
10387 10388
10387 10389
10388 1799
10388 3448
10388 3449
10388 10389
10389 1799
10389 3448
10389 3449
10397 10398
10416 10417
10416 10418
10417 10418
10430 10431
10430 10432
10431 10432
10447 10448
10453 4798
10473 1238
10473 10474
10484 2721
10484 4468
10484 4470
10484 6633
10490 10491
10490 10492
10490 10493
10490 10494
10490 10495
10491 10492
10491 10493
10491 10494
10491 10495
10492 10493
10492 10494
10492 10495
10493 10494
10493 10495
10494 10495
10520 2468
10520 10267
10520 10521
10520 10522
10521 10522
10539 10540
10539 10541
10540 10541
10577 10578
10577 10579
10577 10580
10578 10579
10578 10580
10579 10580
10587 5101
10600 42
10600 387
10600 4957
10600 10601
10600 10602
10600 10603
10601 42
10601 387
10601 4957
10601 10602
10601 10603
10602 42
10602 387
10602 4957
10602 10603
10603 42
10603 387
10603 4957
10681 10682
10681 10683
10681 10684
10682 10683
10682 10684
10683 10684
10685 10230
10685 10686
10685 10687
10685 10688
10686 10687
10686 10688
10687 10688
10740 10741
10740 10742
10740 10743
10740 10744
10740 10745
10740 10746
10741 10742
10741 10743
10741 10744
10741 10745
10741 10746
10742 10743
10742 10744
10742 10745
10742 10746
10743 10744
10743 10745
10743 10746
10744 10745
10744 10746
10745 10746
10749 10750
10749 10751
10749 10752
10750 10751
10750 10752
10751 10752
10751 12764
10766 10101
10766 10767
10769 10770
10769 10771
10770 10771
10772 3998
10772 10773
10773 3998
10773 13056
10777 7294
10777 10778
10777 10779
10777 10780
10777 10781
10778 7294
10778 10779
10778 10780
10778 10781
10779 7294
10779 10780
10779 10781
10780 7294
10780 10781
10782 3338
10782 3396
10782 5079
10782 8230
10782 9217
10782 9218
10782 9371
10782 10783
10782 10784
10783 3338
10783 3396
10783 5079
10783 8230
10783 9217
10783 9218
10783 9371
10783 10784
10784 3338
10784 3396
10784 5079
10784 8230
10784 9371
10802 9126
10802 10803
10802 10804
10802 10805
10802 10806
10802 10807
10803 9126
10803 10804
10803 10805
10803 10806
10803 10807
10804 9126
10804 10805
10804 10806
10804 10807
10805 9126
10805 10806
10805 10807
10806 10807
10812 10813
10815 10816
10829 12424
10830 1432
10835 1590
10835 12454
10848 3907
10848 4092
10849 2167
10849 3994
10849 3998
10849 10850
10849 10851
10849 10852
10849 10853
10849 10854
10850 2167
10850 3994
10850 3998
10850 10851
10850 10852
10850 10853
10850 10854
10851 2167
10851 3994
10851 3998
10851 10852
10851 10853
10851 10854
10852 10853
10852 10854
10853 10854
10857 290
10857 11207
10857 11208
10857 11209
10871 3127
10871 10872
10871 10873
10871 10874
10872 3127
10872 10873
10872 10874
10873 8597
10873 8878
10873 10874
10877 10878
10877 10879
10878 10879
10885 8360
10885 10886
10885 10887
10886 8360
10886 10887
10887 8360
10896 8465
10896 10897
10896 10898
10897 8465
10897 10898
10928 10929
10928 10930
10928 10931
10929 10930
10929 10931
10930 10931
10940 2325
10940 2576
10940 3947
10975 10976
10975 10977
10975 10978
10975 10979
10976 10977
10976 10978
10976 10979
10977 10978
10977 10979
10978 10979
10980 10981
10999 1754
11010 963
11010 11011
11010 11012
11011 963
11011 11012
11012 963
11013 11014
11013 11015
11013 11016
11014 11015
11014 11016
11015 11016
11030 5785
11030 10927
11030 11031
11030 11032
11031 5785
11031 10927
11031 11032
11032 10927
11046 11047
11046 11048
11047 11048
11049 4064
11049 11050
11050 4064
11069 11070
11077 1036
11088 11089
11095 11096
11095 11097
11096 11097
11136 11137
11146 11147
11146 11148
11146 11149
11146 11150
11146 11151
11146 11152
11147 11148
11147 11149
11147 11150
11147 11151
11147 11152
11148 11149
11148 11150
11148 11151
11148 11152
11149 11150
11149 11151
11149 11152
11150 11151
11150 11152
11151 11152
11167 11168
11196 11197
11207 290
11207 11208
11207 11209
11208 290
11208 11209
11209 290
11218 8858
11218 11219
11218 11220
11218 11221
11218 11222
11218 11223
11219 8858
11219 11220
11219 11221
11219 11222
11219 11223
11220 8858
11220 11221
11220 11222
11220 11223
11221 8858
11221 11222
11221 11223
11222 8858
11222 11223
11223 8858
11236 9592
11246 2940
11246 12599
11246 12600
11272 11273
11277 1779
11292 11293
11301 1082
11301 5658
11301 9580
11301 11302
11301 11303
11301 11304
11302 1082
11302 5658
11302 11303
11302 11304
11303 1082
11303 5658
11303 11304
11305 3115
11305 11306
11305 11307
11305 11308
11305 11309
11306 3115
11306 11307
11306 11308
11306 11309
11307 3115
11307 11308
11307 11309
11308 3115
11308 11309
11309 3115
11310 11311
11310 11312
11311 11312
11313 6663
11323 11324
11323 11325
11324 11325
11343 13416
11344 11343
11344 13416
11345 11346
11347 11348
11347 11349
11347 11350
11347 11351
11348 11349
11348 11350
11348 11351
11349 11350
11349 11351
11350 11351
11352 11353
11352 11354
11353 11354
11372 4671
11372 6452
11373 4658
11373 11374
11373 11375
11374 11375
11376 2940
11376 11246
11376 12599
11376 12600
11414 858
11414 3219
11414 11415
11414 11416
11414 11417
11415 858
11415 11416
11415 11417
11416 858
11416 11417
11417 858
11438 7894
11440 11441
11445 297
11445 11446
11445 11447
11445 11448
11446 297
11446 11447
11446 11448
11447 297
11447 11448
11469 2035
11469 2227
11469 11470
11470 2035
11470 2227
11473 5536
11473 11474
11474 5536
11479 1808
11479 2197
11502 7417
11506 2639
11506 11507
11506 11508
11506 11509
11507 2639
11507 11508
11507 11509
11508 2639
11508 11509
11509 2639
11514 11515
11525 11526
11525 11527
11525 11528
11525 11529
11526 11527
11526 11528
11526 11529
11527 11528
11527 11529
11528 11529
11530 11531
11562 10970
11562 11563
11562 11564
11563 10970
11563 11564
11564 10970
11565 11566
11593 3586
11597 7202
11597 11598
11599 2506
11599 8243
11609 629
11609 1566
11609 6465
11609 9429
11609 11610
11609 11611
11610 629
11610 1566
11610 6465
11610 11611
11624 8395
11624 8396
11636 3038
11636 7567
11636 11637
11637 3038
11637 7567
11656 11657
11677 6752
11677 7905
11683 2381
11683 11684
11683 11685
11683 11686
11684 2381
11684 11685
11684 11686
11685 2381
11685 11686
11686 2381
11698 9507
11698 11699
11698 11700
11698 11701
11698 11702
11698 11703
11699 9507
11699 11700
11699 11701
11699 11702
11699 11703
11700 4196
11700 9507
11700 11701
11700 11702
11700 11703
11700 11808
11700 12531
11700 13422
11701 9507
11701 11702
11701 11703
11702 9507
11702 11703
11703 9507
11704 11705
11729 1992
11729 11730
11730 1992
11731 3350
11731 3351
11731 3352
11737 11738
11750 11751
11775 2355
11775 11776
11776 2355
11784 1099
11784 2188
11784 3084
11784 5444
11784 11785
11785 1099
11796 12505
11808 4196
11808 12531
11870 2539
11870 11871
11871 2539
11872 4158
11872 11873
11872 11874
11872 11875
11872 11876
11872 11877
11873 4158
11873 11874
11873 11875
11873 11876
11873 11877
11874 4158
11874 11875
11874 11876
11874 11877
11875 4158
11875 11876
11875 11877
11876 4158
11876 11877
11909 1213
11909 2186
11909 5862
11909 11910
11910 1213
11910 2186
11912 3144
11912 7578
11912 7863
11912 11913
11912 11914
11913 11914
11924 9534
11924 11925
11924 11926
11925 9534
11925 11926
11926 9534
11929 11930
11944 11945
11946 12499
11946 12500
11946 12501
11956 11957
11956 11958
11957 11958
11969 25
11969 718
11995 11793
11995 11996
11996 11793
12048 2506
12052 12053
12052 12054
12053 12054
12066 12067
12066 12068
12066 12069
12066 12070
12067 12068
12067 12069
12067 12070
12068 12069
12068 12070
12069 12070
12070 13208
12078 1306
12078 9910
12085 2243
12085 12086
12086 2243
12110 8361
12121 12122
12121 12123
12122 12123
12148 13595
12148 13596
12148 13597
12148 13598
12157 1850
12157 12158
12181 12182
12181 12183
12182 12183
12189 3742
12194 12195
12201 12202
12201 12203
12202 12203
12218 2518
12218 5069
12218 5071
12218 12219
12219 2518
12219 5069
12219 5071
12226 12227
12243 387
12243 14005
12254 326
12254 327
12254 12255
12254 12256
12255 326
12255 12256
12256 326
12294 6423
12294 12295
12295 6423
12311 1113
12311 1114
12311 3938
12311 12312
12315 12316
12315 12317
12315 12318
12316 12317
12316 12318
12317 12318
12328 234
12328 12329
12329 234
12330 5097
12330 7640
12330 12331
12331 5097
12342 12343
12342 12344
12342 12345
12342 12346
12343 12344
12343 12345
12343 12346
12344 12345
12344 12346
12345 12346
12362 12363
12371 797
12371 800
12371 801
12371 802
12371 4670
12371 12373
12373 801
12373 802
12376 12377
12378 224
12378 12379
12379 224
12386 12387
12389 12390
12395 3304
12395 12396
12395 12397
12396 3304
12396 12397
12402 5357
12402 6483
12402 7093
12402 12403
12407 12408
12407 12409
12408 12409
12410 9126
12410 12411
12410 12412
12411 9126
12411 12412
12423 967
12423 10829
12423 12424
12452 1666
12453 1590
12453 10835
12453 12454
12454 1590
12471 5823
12471 7390
12471 12472
12488 8254
12490 12491
12495 6418
12495 12496
12496 6418
12499 12500
12499 12501
12500 12501
12520 12521
12520 12522
12521 12522
12528 4680
12531 4196
12533 12534
12550 433
12560 71
12560 12561
12561 71
12567 12568
12569 390
12573 12574
12573 12575
12573 12576
12573 12577
12573 12578
12573 12579
12574 12575
12574 12576
12574 12577
12574 12578
12574 12579
12575 12576
12575 12577
12575 12578
12575 12579
12576 12577
12576 12578
12576 12579
12577 12578
12577 12579
12578 12579
12581 12582
12588 3824
12588 12589
12589 9706
12589 10751
12589 12763
12589 12764
12592 4193
12599 2940
12599 12600
12600 2940
12601 2136
12601 3611
12607 3280
12607 3966
12607 12608
12620 12621
12620 12622
12620 12623
12621 12622
12621 12623
12622 12623
12624 1678
12624 12625
12625 1678
12634 12635
12634 12636
12634 12637
12635 12636
12635 12637
12636 12637
12648 287
12648 778
12649 688
12649 689
12649 13622
12649 14188
12673 12674
12673 12675
12674 12675
12682 3907
12682 7346
12682 12683
12682 12684
12683 3907
12683 7346
12683 12684
12684 7346
12688 64
12688 1171
12688 5097
12688 7120
12688 7210
12689 12690
12689 12691
12689 12692
12690 12691
12690 12692
12691 12692
12699 12700
12699 12701
12700 12701
12702 12703
12716 13339
12723 12724
12723 12725
12723 12726
12723 12727
12724 12725
12724 12726
12724 12727
12725 12726
12725 12727
12726 12727
12728 1846
12728 1847
12728 5703
12728 12729
12728 12730
12728 12731
12728 12732
12728 12733
12729 1846
12729 1847
12729 5703
12729 12730
12729 12731
12729 12732
12729 12733
12730 1846
12730 1847
12730 5703
12730 12731
12730 12732
12730 12733
12731 1846
12731 1847
12731 5703
12731 12732
12731 12733
12732 1846
12732 1847
12732 5703
12732 12733
12733 1846
12733 1847
12733 5703
12739 12740
12739 12741
12739 12742
12740 12741
12740 12742
12741 12742
12743 12744
12743 12745
12744 12745
12756 4193
12756 7791
12756 12592
12756 12757
12757 4193
12757 7791
12757 12592
12762 9706
12762 10751
12762 12589
12762 12763
12762 12764
12763 9706
12763 10751
12763 12764
12772 12773
12772 12774
12773 12774
12789 12790
12816 1543
12816 12817
12834 12887
12834 12888
12842 9350
12842 12843
12872 12873
12872 12874
12872 12875
12873 12874
12873 12875
12874 12875
12884 7954
12884 9053
12884 12885
12885 7954
12885 9053
12887 12888
12890 2186
12891 308
12891 12892
12891 12893
12892 308
12892 12893
12893 308
12909 12910
12909 12911
12909 12912
12909 12913
12910 12911
12910 12912
12910 12913
12911 12912
12911 12913
12912 12913
12920 12921
12930 7706
12930 12931
12930 12932
12930 12933
12930 12934
12930 12935
12931 7706
12931 12932
12931 12933
12931 12934
12931 12935
12932 7706
12932 12933
12932 12934
12932 12935
12933 7706
12933 12934
12933 12935
12934 12935
12936 5294
12936 5521
12936 12937
12937 5294
12937 5521
12964 3223
12964 3375
12978 12979
12978 12980
12978 12981
12978 12982
12979 12980
12979 12981
12979 12982
12980 12981
12980 12982
12981 12982
12985 3341
12985 9119
12986 8862
12987 12988
13002 13003
13002 13004
13002 13005
13002 13006
13003 13004
13003 13005
13003 13006
13004 13005
13004 13006
13005 13006
13015 13016
13015 13017
13016 13017
13023 25
13023 718
13023 11969
13026 4798
13026 10453
13026 13027
13027 4798
13027 10453
13054 3998
13054 10773
13054 13055
13054 13056
13055 3998
13055 10773
13055 13056
13073 5651
13073 5652
13093 13094
13093 13095
13093 13096
13094 13095
13094 13096
13095 13096
13097 2260
13097 13098
13098 2260
13139 5357
13139 13140
13139 13141
13140 13141
13164 6111
13164 13165
13164 13166
13164 13167
13165 13166
13165 13167
13166 13167
13169 3981
13186 13187
13193 13194
13193 13195
13194 13195
13197 6566
13197 13198
13197 13199
13197 13200
13198 6566
13198 13199
13198 13200
13199 13200
13206 12070
13206 13207
13206 13208
13207 12070
13207 13208
13209 13210
13212 9312
13212 9314
13212 13213
13213 9312
13213 9314
13229 6869
13229 13230
13229 13231
13229 13232
13230 6869
13230 13231
13230 13232
13231 6869
13231 13232
13235 13236
13235 13237
13235 13238
13235 13239
13235 13240
13236 13237
13236 13238
13236 13239
13236 13240
13237 13238
13237 13239
13237 13240
13238 13239
13238 13240
13239 13240
13274 1214
13274 13275
13274 13276
13275 13276
13279 13280
13279 13281
13280 13281
13289 13290
13289 13291
13290 13291
13296 1944
13296 1945
13319 13320
13336 13337
13336 13338
13337 13338
13340 13341
13340 13342
13340 13343
13340 13344
13341 13342
13341 13343
13341 13344
13342 13343
13342 13344
13343 13344
13346 2296
13346 13347
13346 13348
13346 13349
13346 13350
13347 2296
13347 13348
13347 13349
13347 13350
13348 2296
13348 13349
13348 13350
13349 13350
13352 2954
13352 6362
13352 13353
13353 2954
13353 6362
13367 932
13367 3527
13367 3613
13367 5103
13385 13386
13385 13387
13386 13387
13410 1495
13410 13411
13422 4196
13422 11808
13422 12531
13437 475
13437 2468
13437 5101
13437 5623
13455 13456
13455 13457
13455 13458
13455 13459
13455 13460
13456 13457
13456 13458
13456 13459
13456 13460
13457 13458
13457 13459
13457 13460
13458 13459
13458 13460
13459 13460
13473 13474
13473 13475
13473 13476
13473 13477
13474 13475
13474 13476
13474 13477
13475 13476
13475 13477
13476 13477
13490 13491
13503 13504
13503 13505
13504 13505
13536 13537
13536 13538
13536 13539
13537 13538
13537 13539
13538 13539
13542 1808
13542 2197
13542 11479
13575 3751
13575 13576
13575 13577
13576 3751
13576 13577
13595 13596
13595 13597
13595 13598
13596 13597
13596 13598
13597 13598
13638 9821
13650 3488
13650 13651
13650 13652
13650 13653
13650 13654
13651 3488
13651 13652
13651 13653
13651 13654
13652 13653
13652 13654
13653 13654
13657 1699
13664 2136
13664 5416
13664 7980
13664 8490
13665 13666
13665 13667
13666 13667
13676 3115
13676 13677
13677 3115
13687 6640
13687 13688
13707 4577
13707 10951
13719 6899
13743 7894
13743 11438
13743 13744
13744 7894
13744 11438
13748 4221
13748 13749
13749 4221
13760 13761
13760 13762
13761 13762
13763 952
13763 13764
13763 13765
13764 952
13764 13765
13765 952
13766 13767
13768 13769
13803 13804
13803 13805
13803 13806
13803 13807
13804 13805
13804 13806
13804 13807
13805 13806
13805 13807
13806 13807
13835 1623
13835 9953
13835 13836
13835 13837
13836 13837
13838 13839
13851 13852
13851 13853
13851 13854
13852 13853
13852 13854
13853 13854
13858 616
13858 2435
13858 5001
13858 5003
13858 7351
13870 13871
13870 13872
13870 13873
13870 13874
13871 13872
13871 13873
13871 13874
13872 13873
13872 13874
13873 13874
13891 13892
13893 13894
13893 13895
13894 13895
13924 1204
13924 13925
13924 13926
13924 13927
13925 1204
13925 13926
13925 13927
13926 1204
13926 13927
13935 13936
13935 13937
13936 13937
13938 13939
13938 13940
13939 13940
13947 123
13947 125
13947 3158
13947 3161
13948 4446
13948 7495
13948 13949
13949 4446
13949 7495
13951 438
13951 1624
13951 7529
13970 13971
13970 13972
13971 13972
13985 2954
13985 11979
13985 13986
13986 2954
13986 11979
13987 13988
13989 13990
13989 13991
13989 13992
13989 13993
13990 13991
13990 13992
13990 13993
13991 13992
13991 13993
13992 13993
13994 13995
13994 13996
13995 13996
14005 387
14009 14010
14009 14011
14009 14012
14009 14013
14009 14014
14009 14015
14009 14016
14009 14017
14009 14018
14009 14019
14009 14020
14009 14021
14009 14022
14010 14011
14010 14012
14010 14013
14010 14014
14010 14015
14010 14016
14010 14017
14010 14018
14010 14019
14010 14020
14010 14021
14010 14022
14011 14012
14011 14013
14011 14014
14011 14015
14011 14016
14011 14017
14011 14018
14011 14019
14011 14020
14011 14021
14011 14022
14012 14013
14012 14014
14012 14015
14012 14016
14012 14017
14012 14018
14012 14019
14012 14020
14012 14021
14012 14022
14013 14014
14013 14015
14013 14016
14013 14017
14013 14018
14013 14019
14013 14020
14013 14021
14013 14022
14014 14015
14014 14016
14014 14017
14014 14018
14014 14019
14014 14020
14014 14021
14014 14022
14015 14016
14015 14017
14015 14018
14015 14019
14015 14020
14015 14021
14015 14022
14016 14017
14016 14018
14016 14019
14016 14020
14016 14021
14016 14022
14017 14018
14017 14019
14017 14020
14017 14021
14017 14022
14018 14019
14018 14020
14018 14021
14018 14022
14019 14020
14019 14021
14019 14022
14020 14021
14020 14022
14021 14022
14121 14122
14150 14151
14156 1054
14156 14157
14156 14158
14156 14159
14156 14160
14157 14158
14157 14159
14157 14160
14158 14159
14158 14160
14159 14160
14166 14167
14166 14168
14166 14169
14167 14168
14167 14169
14168 14169
14170 1238
14170 14171
14171 1238
14186 688
14186 689
14186 12649
14186 13622
14186 14187
14186 14188
14187 688
14187 689
14187 12649
14187 13622
14187 14188
14188 688
14188 689
14188 13622
14211 14212
14211 14213
14211 14214
14211 14215
14212 14213
14212 14214
14212 14215
14213 14214
14213 14215
14214 14215
14220 14221
14220 14222
14220 14223
14221 14222
14221 14223
14222 14223
14233 14234
14233 14235
14233 14236
14234 14235
14234 14236
14235 14236
14245 14246
14249 2991
